Tiempo	a9	a10	a11	a12
10	265.56568896722047	740.9873718358576	666.4882826733962	173.51415687371045
26	143992.1761204186	597105.940347855	158133.8009394315	182301.13632091906
42	141706.80499915514	595338.7633402097	167287.03714656585	94807.62816779735
57	112932.21522500463	79571.68830202748	166905.53276996873	240106.01648012782
74	146082.975838287	97.19346507444978	159583.66196441656	264151.2324873358
90	181478.4796755624	93.26786817082204	153248.03412708742	71339.59629632714
105	205549.67350876247	96.39312906265259	159103.64892812583	260.32025437706153
135	11765.283095778124	136.7848706207704	152903.6211070366	86.7987958481349
150	88.52022987134289	50.02818385288119	149131.27478756034	85.02045226792805
166	396.729503489919	237.89825861081482	1640.954330049008	452.91947425454856
181	239795.86261692658	593739.9941288361	164794.03004106603	330381.0681832958
196	218737.13621986072	595265.973176138	178369.0939362778	262258.2084199552
211	197532.72085883335	83020.13557608516	177929.2470226728	306577.23626534763
226	295333.54668923997	116.76209427282214	165450.44336925182	69144.99323483922
241	45807.34260992844	153.4514424338937	166159.6602962324	129.98305831567848
256	0.0	47.14040382112842	159400.23134704988	44.10390385698527
272	139.82856551013887	151.63302053801715	159226.50408599374	133.9920460510673
287	70.68329810164869	90.2848950637132	156749.91813577892	89.26584048232064
302	207.862590072155	154.81046491265298	152653.13448955384	132.91722261931747
317	0.0	684.9443529024488	556.3483429866843	676.1970446857949
332	264421.5193941584	575987.2526916249	170912.540940386	292030.2904282093
347	313969.2727834315	646947.2173689939	174984.43776398676	224359.792781623
363	323662.3363834002	68994.22334032798	168771.53201782127	331387.49575202935
378	274042.68115140626	51.48049161302857	163282.469819346	94998.50730428903
393	4765.8985858860615	100.15556389418431	166205.77539236934	42.712672711815685
408	69.64011433236301	134.85345274665858	169780.99213340867	171.3186903089285
423	204.21007480468603	220.84362425301222	163061.7894244175	127.99432570427658
438	70.75684106221888	0.0	162588.07461143428	43.374516665562986
453	236.90019764525817	95.51214624047279	162015.26363353303	85.08714629743248
469	0.0	703.302124096239	831.3186336507601	710.6786343639717
484	330223.56582239876	644967.1460271942	165188.1920263903	391081.2367691894
499	335828.3827241515	627794.8013882259	177513.09626318543	331905.13770559285
514	317327.1653829267	50059.079304716055	178025.16855946343	271680.6522405434
529	73006.38836350024	104.81683243066072	169895.66030236724	26079.13628519982
544	69.11757267460227	208.72090943964199	170274.4201830634	42.81837062535342
559	139.62299831338225	182.94379885196685	166140.38101918434	129.6280755912233
575	0.0	43.867511911951006	165651.61934452644	85.18368867211976
590	146.9369354822673	186.85196495056152	162416.42810221447	171.56436532145366
605	143.67395481839776	97.20678617595695	158948.47952253956	85.93710062703117
620	807.3218921363354	1365.1446790530067	845.1332069137507	885.1571190774441
635	326613.84056252445	701119.5170216152	165579.12539730727	396826.5620529831
650	261141.9423705564	634903.0645001864	166559.27344673302	378809.9815544826
666	257589.61211440052	37668.02184801299	163198.89104743983	334360.6271594641
681	0.0	104.96573449598625	161065.51946026727	13200.6604874897
696	69.5676075592637	47.789924362981694	161377.27869198332	42.71514939767774
712	427.1009372332273	180.02312356807292	157906.39553632966	128.19523326137568
727	0.0	44.08402046333998	158259.6024970436	129.36005509518552
743	146.23284454822542	153.873343561152	150299.75342060358	171.36682255849243
758	420.53786650553343	474.5666397732496	834.7842472124844	42.842577870073725
773	255870.2664824031	735638.6570275443	168251.6817967897	671.5033359962375
789	283322.6303642458	745216.0018934921	163179.15798748896	384617.9183080315
804	330686.0281664032	25373.17313981451	164942.97533991607	339154.6270659899
819	187522.82078432947	149.86274934634565	166393.11460697747	340308.9644666526
835	292.00934772590176	184.42935310363768	164910.8327215829	13052.657412963843
851	70.97652454147115	50.46157201838214	163785.7399211311	84.84400760509074
867	0.0	143.129671833124	157793.14924660328	143.4291447454691
883	282.7880687718093	47.32118068670854	153729.6449115915	43.51058344440535
898	0.0	186.7646598344948	160582.6402841744	132.43952685721217
914	0.0	673.2648398696305	1407.7246894016862	807.6621107321978
929	328405.2897286274	971858.7397775557	163428.28698712608	419728.73764708964
945	309917.88888619834	656267.5154265971	168777.73354175	357741.96979220567
961	332666.2186582739	5564.260590123535	167065.43564902918	260695.06850423478
976	189112.03203338536	189.80420168817042	165621.36561676627	11986.557406840195
991	2988.5341554390266	0.0	159059.99893656748	0.0
1006	217.80553583666682	189.59084373265506	160788.3610087871	85.32011594896204
1022	68.75065443664789	213.44881003467367	145870.88755400246	85.160234424714
1037	288.5529945852235	138.6170137936715	156336.04948451926	85.38379560889676
1052	0.0	87.7443912095204	161073.83487418038	128.27250465727877
1068	192.49743844069542	595.5119559384137	557.580022734711	390.9300614637136
1083	328646.7806778056	834334.9826658492	162556.4489580827	313499.02630413295
1099	279687.02828266844	651934.5636089047	154214.8314287773	352244.36409474304
1115	245865.6007772794	19701.943987513874	169195.628853485	377735.1693829169
1130	298680.28987854044	154.5707612404553	164189.5983735393	29131.765563199875
1146	9197.983726797389	200.86324787825345	162470.41866113315	173.2278232789412
1161	66.50614259317517	0.0	162452.9411062393	43.05814661309123
1176	136.21750955413097	88.80543072117493	161911.2495736222	86.90546948849223
1192	69.15835886288434	141.7494230949506	150492.12833599342	85.89494973196648
1207	520.7299375101551	679.3361166226118	1099.688881741315	178.72463330548257
1222	258669.87154528272	734340.8820068161	165647.5870359043	781.8567808678932
1237	289574.6942595839	815255.5384474798	161738.12920222757	325556.11769469513
1253	239020.76421043195	38727.93443469286	170717.53243008256	372692.8237667415
1269	263034.89327211457	48.1073433406651	154168.66721425095	462355.9059296944
1284	52507.027684761284	52.568891683146354	159589.17616816494	28759.031686731803
1300	88.78120603875723	157.4557261249423	154082.27137865985	130.58810069601518
1315	235.15229198813438	190.43410709733143	134612.2427857834	84.8003789075371
1331	142.6500861963909	48.11439917919226	163071.86795399617	85.93330036932602
1346	80.60659763589501	176.51724518002942	153558.32362944045	130.76762296969537
1361	0.0	552.7198816832899	1127.7807560183294	544.4754498966224
1377	362349.7819066601	710285.7738311493	165028.30844015634	334399.3185160331
1393	301572.4990315971	714900.1553552084	167062.83160153002	341460.6132034053
1408	238704.88325092426	55320.26921619102	176630.80422386527	418376.4982232782
1423	290089.8952138614	172.21328116875608	165924.5506601546	43420.255522459185
1439	21667.501562909158	55.23410208348185	167652.1891160431	128.11654036281166
1454	142.34797593622469	147.49666730111932	164111.92169677708	85.79379366681911
1470	73.02519882793072	113.20280508980154	140680.99239374822	0.0
1486	0.0	95.2755272303056	163381.65780361652	85.30550712096505
1502	0.0	184.3471255491674	156538.72521427635	181.68387694040314
1518	0.0	532.5696412503719	862.2103119828506	656.6365028701723
1534	262017.00508824142	636969.7750794288	170220.7345422238	252323.13221738648
1550	266076.94611768686	744309.1847129888	176637.1425660675	176191.50998149975
1565	339549.183432026	88787.41507524205	177632.91911098914	183990.76527002428
1581	18440.442808089927	95.8210222033225	166759.66739240364	262174.6488808047
1596	222.40913002833724	90.06925739714876	170515.4629430059	147842.3149327825
1612	66.7868660832988	187.09265857502817	142531.82623819672	3204.33954898268
1627	133.01303091752808	44.52258540628944	163432.75938440085	222.2588802613318
1642	135.86711083329283	142.07203688004054	156439.96201943664	128.05125344842673
1657	174.32394820782355	327.27126518264413	285.1205600204086	86.32321987254545
1672	332012.23531960265	668805.9118842786	171786.2672349788	503.5382540100999
1688	342300.3158513822	597793.3392461846	166688.87095229208	324903.99076090805
1703	317734.365128277	141331.88250350193	181674.7520475386	391367.8118076151
1718	213850.6734934759	189.98555657677352	166987.55629664028	369232.02729532216
1733	14365.119524148158	115.15137019604444	168553.18940592746	26100.511687353628
1748	138.1366389542818	106.02446376919747	162418.28137976944	171.1956960772164
1764	134.95211316308007	175.1539138342254	150542.2740109527	42.584084087489174
1779	144.93987490584144	0.0	160116.91599375737	128.11824809364975
1794	67.4708519430086	141.83600197958293	158096.36182550862	129.7998003865499
1809	317.8085960478522	603.0287647341331	567.0707562548295	43.04867098864168
1824	323280.5981702137	589002.8786259956	167310.542704438	690.2326200771332
1839	284423.21415771067	688161.2626791314	162279.32101443945	327854.1750359004
1855	249813.41866922824	135778.00404284993	178157.98644908666	392214.0232072111
1870	289962.6493638288	197.19425639329478	170165.14587216725	361199.55289360555
1885	15979.62972578346	87.4744925326109	173223.62744896093	39279.730294935755
1900	68.8454174271645	47.27566842883825	162233.92415907176	85.01006558398716
1915	150.95746411174537	175.52548766732215	147234.0976223228	43.302434657290576
1930	0.0	47.249942450081	161568.85584572982	129.47862590231003
1945	67.70389547228814	44.17793428905774	157070.12284249044	173.53654710374772
1961	509.53750306645406	883.9301061071455	1154.9808945780806	44.19168883509468
1976	284418.98073458194	662227.4716647252	175581.63558470062	319822.47362200206
1991	253412.36782517875	733119.8781673622	170622.52931053186	350474.2268662867
2006	363337.67652622913	50739.55585449099	182377.54320327076	399227.3912695121
2021	273796.2336259402	86.97424421288073	166758.68269572247	40369.42245927639
2036	8365.141259069063	100.76081205013207	170611.2595172681	87.53395679918118
2052	0.0	242.13294180370866	167687.1523901713	128.3648199003702
2067	134.09022425998933	104.51342479288579	154641.22783996805	42.38841668763198
2082	0.0	97.34842331394553	160407.41008002876	171.00105712115766
2097	273.84176497166976	92.30935586742126	159032.44990637377	132.1600717552565
2112	339.07362356442957	398.2966196286678	556.0319930755347	519.8220102190039
2127	259886.667545318	607218.7184196541	168946.8663931291	508823.26895927737
2143	320694.4042319894	679651.273515256	170531.2645937137	333310.3496435396
2158	332713.1413500027	79140.9	168610.68632434367	349656.4492266691
2174	143810.38083967078	133.13695172328036	165821.47732686048	18742.710954845214
2189	63126.64947230472	144.24760666596237	165577.33610092514	43.119194907327184
2205	5135.318575220705	48.179077582536266	166310.77269950352	136.1161265508877
2220	203.85331591831988	175.4790945080109	161229.48699916378	132.5331925645843
2235	0.0	0.0	157956.8920994721	136.39711600285023
2250	0.0	139.52418332445436	158456.1940560684	141.5972355176881
2266	323.25813858192413	554.5194465760142	552.0961764603109	163.5720261683641
2281	329929.8016511725	580406.8667290143	128660.20045851458	327388.3589460801
2296	378383.2617116964	798397.3808940181	98930.86820182166	404897.6379668624
2311	306834.7771405903	100856.95972051435	129977.73872517874	395515.868254087
2327	218608.50833226444	98.66996490508318	142992.77553331287	27548.413609980787
2342	14134.402761963276	237.9358528915793	124728.81488338229	128.92329386981206
2357	0.0	44.34778527269606	130876.4079723841	129.63704721642193
2372	201.13632607374342	91.39073871672153	135866.39016001386	42.70376292522997
2388	74.98981828187127	91.00172320753336	96598.73874496596	127.0394168355642
2404	202.7278028758289	176.8663598969206	145842.34376965603	85.61185478262604
2419	68.49699498664587	46.888055423176844	131830.15648858773	85.0013381237071
2435	132.0149020958878	87.64798051840626	131793.3784232177	87.14204838062636
2450	0.0	1038.8887623641174	812.3706300746323	883.5562663549092
2465	329821.21721966093	600868.0072272867	150685.62170751672	320572.61542727135
2480	334429.19700723153	781874.6745102415	144761.56115017209	502477.39300420595
2496	205664.6981924328	59036.18288996175	146380.5924873451	334070.7226910274
2512	11617.713304995188	177.29481847506017	131469.58818799327	22398.672109002513
2527	142.65510079255327	0.0	129062.53084750733	86.69234291792847
2542	0.0	175.9808845994994	145334.377836583	85.10513793483376
2557	152.6755317351222	191.9550963353738	140105.04500675082	171.11326200103386
2573	0.0	92.30087916304358	146773.53030279235	85.87016093797982
2588	207.91691485854795	96.35764772527851	146536.3173752588	130.22794809715356
2603	312.691166360043	468.00738417187705	1122.4129592835902	131.18009084096644
2619	300122.8928074896	624283.0334673583	168988.97088310207	701.1388206096366
2634	270092.54101752705	792732.7573025136	166586.3747601331	348667.9763111447
2650	352761.42039880645	140011.2771453759	175171.36889890733	403755.40655131475
2665	312836.0396804571	43.76971845800523	169392.2856694137	367927.5090059615
2681	17685.84759283513	87.91074939186684	162584.23744886814	37936.10814296153
2696	0.0	234.4090831540525	161663.73750532587	135.38435966754332
2711	0.0	0.0	132448.82388531527	0.0
2727	0.0	0.0	161821.04790450234	148.47683422133792
2742	141.05078424721955	47.987996566705405	154898.52600306337	43.227294999747535
2757	140.3814218506962	189.46820019431414	156665.76212253526	757.0796204900835
2772	476.85592349669895	347.2492613293231	564.6532815506682	353036.92850445665
2788	328846.61792342365	658586.1297324001	159738.85843304303	415984.64456346957
2817	267806.79551878944	46.01200886225328	145424.31918537707	49871.56205740254
2833	25633.989065478418	133.59490040000526	148941.3892383379	130.1083438910544
2848	0.0	86.88816422804258	155866.40860669594	84.68368041776121
2864	219.12314306393267	47.691255731880666	142050.1753466807	128.2224074422242
2880	0.0	130.4839962094417	128225.73704726866	127.89244699910748
2895	232.9729732429795	151.28489809549413	139953.57215621838	43.04835777328815
2910	0.0	150.7779360697232	133561.87472496455	127.3547401156649
2925	67.20630639251321	50.43869056284428	137099.54512321285	455.068280685842
2940	438.59883926413954	602.674448408559	812.1491942789778	351741.99066903326
2956	236191.07753961743	659841.5493684009	110991.99773452514	451714.4618526753
2971	311760.9678474687	257649.06989033657	109816.28182249665	461268.34558041964
2986	334415.90001636976	44.127054630061615	134944.22493565836	47359.43578155696
3001	68000.66409949589	134.9683183110086	158777.55450561247	85.25750742986799
3016	75.3847995659709	93.07015451697633	155855.50814329815	134.61276325508953
3031	141.14859164011665	172.85978497354313	122385.11109144968	42.70312960155308
3047	0.0	44.20786629839335	146378.26762901995	130.11661026215182
3062	135.8313855977729	174.5473471035436	146630.97511601477	199.9799914833158
3077	0.0	97.99966709453612	149151.12298688228	130.1048417508602
3093	207.47303377669303	136.2945047353534	140259.60540754115	42.98021009638906
3108	164.04817386314272	174.76919628253208	1108.072850936111	913.8195191522129
3123	321767.15146515856	675104.0648740665	176909.16703919042	330137.42912115983
3138	306245.261980506	818918.6513672417	169751.97802785967	459969.0896405963
3154	248931.453580555	24200.666448771954	178986.920069513	337810.6101186338
3169	308630.5703621494	44.34248370067216	181580.7036797516	3558.3068137352216
3185	19764.39678205363	201.41452364275233	173708.2716078198	171.2190320044756
3201	75.68073053052183	94.95530951434746	163776.37683873178	174.6489520072937
3216	0.0	0.0	156616.820145998	44.40561634548474
3232	140.6143548295647	132.81640900997445	158798.66313119605	42.94864978606347
3247	670.7726161090843	926.4209736652673	1108.084791151546	128.41117899096105
3264	257297.21821225408	776972.9240579952	180238.11787642934	554.6158429096033
3279	251031.31344891168	670184.7635327608	179516.89753686215	354607.95323396195
3294	319906.11315592745	26536.53533515407	175695.673201063	570034.4161908877
3311	282707.2103841762	180.89172590583098	171619.43416572345	540.8559193293751
3326	6286.000755505128	44.19275049215182	173778.45357803837	139.37943965798243
3343	150.68976225108838	100.99649886192753	162631.58637581643	129.0036748502031
3358	140.25301645654253	129.63360953606664	163743.18338562344	127.721137806857
3373	70.3089976356877	132.08236443621107	165148.94958601933	86.135527202487
3390	0.0	93.7034578169696	169672.82798393499	85.53688006988726
3405	562.0291018983722	918.2687245585955	569.4491654790938	400.786837291643
3420	329446.2826797373	586000.2642912414	172726.2002731846	297050.0608644328
3436	332683.80475575896	791380.0045239211	174730.78723819758	343698.06023996114
3451	317920.7574948812	16042.732779448153	174660.0054006215	352733.0388248635
3467	189373.71480269328	44.25397407057695	174519.9202665691	36990.381536298395
3482	7699.792297554817	177.31852551290766	176399.76401109993	129.28783272922038
3497	361.6968796611065	99.8883906782046	120409.421164352	128.0274657986965
3512	0.0	50.846763109392484	171294.75422249973	85.23439549243078
3527	73.03105305351782	142.33450144724918	163652.58820335765	43.72648772812914
3542	67.21302718482912	88.64939778407104	167082.61996306395	128.47571484728718
3558	620.1691381059586	1307.3349517717725	1407.9382546395063	742.221900795037
3573	325771.8431308846	797596.2817787733	185768.42951783357	430018.51367266115
3588	286187.90912686207	261818.62655071242	173993.25088841547	365184.43450352
3603	267748.91651081806	139.2475956492126	181925.16656075206	131540.07085253348
3619	106798.9646891892	88.65984761863947	179184.9231119657	128.2320788770169
3634	232.67365010955837	43.66023677885532	172793.36957358586	44.849470917717554
3649	69.32373408948071	175.7145683030784	128046.83466498321	129.19843333352824
3664	141.74926043777725	132.6623319705203	170620.96047445462	131.00655300929213
3680	66.95439818044193	134.22957837875003	165909.6534356124	85.88694127873518
3695	0.0	86.42925521891564	169220.84015198427	287.56117606014016
3710	931.9177886017599	1070.1529844910606	1390.4793266169727	333732.31437307084
3726	243106.5491855156	635918.5612587654	172864.67829352865	349443.08685213263
3742	384174.1112023779	43.6046917041298	179619.68107630382	504669.9093256435
3757	52328.48267063767	88.01700671042316	175520.35163890483	57236.46721088773
3774	74.4320506895613	132.0758723383164	172010.16590216703	128.87877212051768
3790	69.00050465136766	96.02835365734063	151413.10675313842	170.52566113265232
3806	68.18400133386254	101.57310100318864	168875.09192111465	42.19180571117904
3821	0.0	151.078659068048	159801.72479336796	43.255769243496474
3837	807.7568478177534	493.389109962699	570.4233827676996	581.7441914454103
3852	147447.95075517613	725051.6859774655	169644.0861724278	341277.8154091792
3867	246191.55510554343	672197.9531786443	177593.82208541333	489142.4784585991
3883	328548.0517902279	64399.364024480434	176115.95061369365	337731.9385276077
3898	311805.03314619727	45.34170553540811	180318.70880129345	7783.3806971701415
3913	155072.48043158237	142.41254444420338	166623.94090542942	43.33698129705619
3928	0.0	43.72387271430343	170385.1031049154	94.68394003020599
3944	136.6479003149271	0.0	168756.76096047246	0.0
3959	0.0	217.95505375207867	163267.5181974198	212.75350639142562
3974	136.68854822292923	176.07204067915677	165840.94665751784	42.84808416413609
3989	0.0	248.68794482725673	855.8863168575615	1534.428343447074
4005	331508.3089945587	611825.4309330465	186784.4391117261	542562.64175319
4021	325615.2517806512	753002.9712652371	179334.62867340917	387208.3388906329
4039	321977.8987621508	16111.679982694415	184715.18541340352	48893.490398509704
4056	66334.05349108076	175.42712316485122	182937.2469668092	128.89661534713582
4072	208.00760869860648	130.87888338867108	128625.9884637421	90.78464680408128
4087	67.92124851077796	50.089107444467956	170250.19512527817	130.9792094193399
4102	0.0	149.39920050628947	172027.44565503806	43.62254136331379
4118	139.37680690437554	100.38016477953643	172225.99818590953	133.9224326515384
4133	230.0244531881064	715.7467354998645	1405.973367975466	279.8747700549848
4149	341523.86926877685	669014.9905088277	176396.22138029197	371459.2242771113
4164	252855.0769484988	224615.1442781162	183136.46468564236	416191.0612024295
4181	88696.27437184752	45.44166395813227	181395.73986952964	50572.088205321284
4196	131624.38228304606	133.5685206567077	175284.2160916552	169.4589033799991
4211	85312.40718430125	222.58561371618416	166619.27926034975	170.3887509643659
4227	35453.78415875738	46.093650846001694	139916.0596090032	126.89129860105925
4242	1054.8830190047622	87.28719394527376	168328.76641719887	0.0
4257	77.44922882949002	131.27012344297952	162003.9929179106	174.0378885924816
4272	322.33362670503556	928.4275039274711	870.2641943785361	689.5219144534134
4287	277776.8221048521	735923.0001839413	182902.7546046613	395997.2667403208
4303	257365.6724629718	766984.3882602444	178951.68776585834	456406.2009977696
4318	318568.95237789216	41647.414062868396	184438.39323639125	405640.8525923398
4334	317168.5016396092	44.140483800210056	176923.4849505258	14579.58094426363
4350	46254.37122005761	44.616242858860645	174090.9607565438	84.85352153331041
4366	0.0	174.83310069024563	166919.4391170261	184.87471697811037
4382	200.32507874124684	87.22763904780149	165071.9826038733	84.92062785172836
4397	208.51294277474284	97.13112170546316	168838.0051854914	128.0798740471015
4412	72.57559937083629	109.44727985923178	162018.26800103282	84.9384782862477
4428	181.69229584950955	1067.3873014892451	568.6421609008685	830.8482730481029
4443	331831.8758335988	720875.7747947205	184656.63898614317	370510.83516197477
4459	328508.1316427186	532385.8711599933	178777.89761259616	396402.09347430884
4475	291784.90562489175	18543.235301984772	183302.5411807998	264260.3148870242
4490	212086.63516522595	94.04380659226328	186103.3326551289	828.9757693238556
4505	1543.7588336177168	89.95819989606738	170068.72717730067	174.0561138515547
4521	0.0	138.9951489315927	114193.84230544642	87.26420021045953
4536	0.0	43.37421269761864	173228.17006634222	0.0
4551	0.0	0.0	169201.158716627	86.55898133298382
