Tiempo	a9	a10	a11	a12
2	614.2977923733741	351.53384105927313	607.8350871618837	30996.344441069363
17	254.61844272779302	4048.152149897218	1899.4778807083144	1627.8824281893299
32	142.9370930713881	906554.0394707365	41530.53579938665	491685.53093867085
47	209.44198054388164	984084.7632872717	820.2831247162073	493255.7565886734
63	0.0	474365.0060982179	985.116190151274	474026.0989962126
78	66.79870994450525	92.9593113761209	972.9652558207514	580376.2345030198
93	0.0	45.458737222817724	733.2472921427619	512695.3358466744
108	73.90946440190076	89.35549495816231	66435.81971084507	20903.924853732533
123	0.0	88.05590856705793	184729.15218780917	91.50678300509229
138	134.53782556409016	89.05576708003879	156658.2619522662	141.8811175954342
153	201.1191120914882	134.7313967308961	300718.29687627364	85.36109356052242
169	71.53910287434235	178.07849653206765	333347.34456320875	147.80635222004727
184	66.1037588770967	44.4842685553804	291983.8883966559	87.33630210375414
199	66.60179044632241	44.198997315107846	205033.76463686538	222.1993776485324
214	0.0	132.24751872170717	173779.56532596695	128.4283781938674
229	152.9568295312207	43.97392847910523	34428.2704002556	139.49166867944876
244	72.4831508043781	132.52128789574374	40128.38373126939	0.0
259	130.97697958804667	43.436015463685614	216613.2776054819	43.35907394919545
275	0.0	263.00237522978335	201359.96217012	127.9943853624165
290	212.493073889385	43.71402929483913	58643.68820405861	85.08903068376705
305	65.77967386957258	132.53166853231843	204597.43146059028	130.1704193324223
320	0.0	87.13460145378485	196676.67617220007	84.91555449128151
335	146920.11484556308	88.58640485077166	13538.346127803838	177.50719912050292
350	161963.97832779714	43.69210002064239	162.56485625252128	0.0
365	54765.388119773525	88.21008804509417	165.55769304480404	199.87904902666807
381	32433.34183841259	180.01332723470404	256.5051774138585	43.008059846302494
396	89467.48726369858	44.835788504034284	338.46686005696654	149.17291033186018
411	71567.50747378	48.54833505749703	87.58401891469956	86.15207656075246
426	160139.02533552435	144.33372658956796	360.42228685230015	86.62335975886323
441	36508.87182385656	44.87360862295143	158.86667162820697	127.14100181427318
456	78823.4414138046	219.9436075207079	331.31218263566495	137.62694615183864
471	33679.50393154654	87.41249871278181	255.7825462516397	0.0
487	44456.17606489482	43.939099363870916	80.19115891666152	172.40728189827874
502	60648.18141724095	130.0416981641203	244.93305152842774	7111.647076714189
517	17753.948610036892	30653.291172195895	244.93305152842774	29619.810668349128
534	265.86028635285794	45010.63217727452	18797.477642404658	50702.901447904864
549	663.4948140095919	107638.09002906788	137150.78580761462	93830.98292344465
565	916.6775573802739	45586.0315723366	139729.71945185063	33768.06547516089
580	26833.048785954838	3705.632533797277	31422.661523565293	1111.1399953765144
595	27041.980425867114	303.4796695570927	667.0514100151509	351.94084745764735
610	80.48239515386521	195.63244190216065	84.8217928853631	245.20435918089933
625	39087.39701947624	336.75274459957143	815.8082311503169	257.7243885062635
640	136212.07134732962	338715.32033570664	341713.80080484314	334933.41533347964
656	0.0	2457.4464827382562	1530.0934198988602	1509.8121127185225
671	223.61745781309435	892685.7321643053	307890.4275063589	508579.6998482049
686	134.05328671731056	707215.8861453204	165809.56637932945	491258.1587189576
701	136.97492281587793	768812.8546032584	17332.92345986763	519174.5564702541
716	68.85996317043436	435871.55841803015	109716.29338429081	509659.06959599594
731	72.16695413463283	142.37560433656444	204406.87687976836	360897.90589090786
746	0.0	0.0	197300.32591125154	975.293568332512
762	203.70401249326767	184.96264235634357	200186.75604760234	47.70337424874306
777	66.20982027656865	88.20304006665945	248246.96589390063	140.42001601033843
792	141.9517089797929	133.9318000455899	177863.0590433368	136.39486492630095
807	0.0	43.36830232392997	248209.71427199262	86.93798035553657
822	0.0	177.2823403199017	259915.8882687675	43.18559855528176
837	146.75795527998358	87.66815204216168	250403.61863618158	133.1066334846709
853	158.91504864133896	44.597291042902505	228485.50737726162	87.4832497779373
868	0.0	0.0	210490.18063908644	89.00750932183117
883	131.229870782448	188.7790950262919	95911.0186353514	129.70502211115323
898	64.86326078000944	44.50953357070684	1130.037991858721	44.36800263524056
913	148.68317226398736	223.75771354709286	1216.3219223491847	173.65188601685688
928	65.97991860922426	43.61300930383615	1459.3896905779839	42.545328477812
943	0.0	176.5151019014977	1396.8747557550669	85.65599745717832
959	66.49085542738437	138.30315241495148	1830.0701388872972	54.733644932177846
974	140.55507066135294	44.016664043068886	41513.08862601731	155.5809580892371
989	65.00889480463229	132.28067142292855	491.54260964184533	45.82454617483076
1004	59067.89223290108	87.94576301079243	3460.4304776649315	234.01773288473487
1019	196332.46159291686	143.2354519279534	318.44796360379087	139.10136876893228
1034	166414.66932743788	47.984161955122836	78.49133137259167	93.85092983606272
1050	232975.96459143507	133.52709979489447	255.60620543983765	85.29164129786193
1065	112947.90709042875	88.44182549417019	329.140102763325	42.97220491439104
1080	178600.37622378705	176.8734225153923	155.25847916587256	89.20823104228825
1095	53425.23320922255	0.0	73.902700961167	172.18762013312428
1110	801.4279725896195	34356.24158208523	43764.30132203952	55980.34049861909
1126	820.4633306141569	70761.06477976107	101962.37229327783	45389.09762891154
1141	1414.5323856787197	63094.816345701445	85890.06380455119	67981.65320234995
1156	25858.183349836057	4507.554309297501	582.0745036568865	45843.59078110463
1171	36296.33266966821	465.0813189828024	803.7680652558338	391.43805431461897
1186	49680.952480732725	417.4323717122153	695.871096635228	362.3123084812658
1202	447671.97350084304	318506.395964107	333039.4591552902	857.6534493070285
1217	276.0489541709423	3531.8353841800617	2634.6976158082116	2267.09677929461
1232	135.42110416293144	692223.2292919799	128098.86474991939	776737.0840769489
1247	0.0	1002155.244497333	226722.81252067653	489573.75614446384
1262	145.2494769692421	928350.2984175376	222890.9914487324	484133.6437799848
1277	66.92170816510915	21228.1118044734	214853.72926391242	509901.93054231396
1292	67.25021257191896	177.60181562894957	218415.36281294483	506571.83798851585
1308	205.03527169212697	48.98265691764653	272894.3809578277	50325.347296201646
1323	145.7069723367691	134.53871800526974	213847.76972234726	50.04653244506568
1338	67.3491944428347	100.34764666074886	277239.9095958481	129.1969489005441
1353	281.422997161746	222.81350480713883	275422.5989898108	43.93342171263881
1368	0.0	94.77262889258563	290342.4075815818	131.43405115599745
1383	299.1724436677806	45.00144824421499	252102.8305426448	91.80509489662946
1398	0.0	0.0	146689.34531466474	174.2179508916894
1414	71.61686022439041	175.9175181078352	200776.81497675227	85.46806466594339
1429	97361.3371053713	42.93974634791724	78.72655911383684	127.4419688982144
1444	65765.37997382582	47.45184579727706	510.8503201494645	91.14997654890641
1459	71374.18124135774	90.23854670519009	317.8063243664801	172.39520594295115
1474	175674.61365146795	47.892243307689206	233.93014613805803	43.03323824321385
1489	245011.98220472335	133.1384756613197	80.66551637998782	128.90011690323706
1504	168401.22729937316	87.4307631790638	333.4926600429602	46.30968922004104
1520	131780.47601940035	47.135082515329124	75.63825364975725	129.66260033675005
1535	33614.04898996711	51257.061608938886	67142.34631432487	1713.0395509224018
1550	1150.208775991341	83785.71069684287	67142.34631432487	66206.13732951939
1565	622.3592004489899	87782.66420706394	16090.851504821994	67886.88840476652
1580	399.7700236728787	17039.91702042573	88396.0587133228	18428.43878968251
1595	8904.141242944002	355.6069223187771	47438.33971148208	173.39422252742574
1611	11283.853112904291	220.31453457787632	371.04925480993467	146.77869798392055
1626	0.0	44.07409881996457	328.01182072380556	90.1731699014455
1641	4083.399415573105	189.41654471019282	334.1531762313843	303.9852340996312
1656	20019.87579138495	221.75006190389394	274.5087886620546	163.8571507518785
1671	145.09340348110536	305.50777132987974	329.9703217023611	127.03127955045551
1686	3355.6702859232205	46.64597220540512	163.90767219662666	170.93476640918757
1701	50627.835319687685	434.66317879110574	615.9582262327988	446.9167998066172
1717	311650.567115289	339992.79987657187	342035.165659028	2193.2447551643245
1732	0.0	3935.434159731967	1865.139934353158	1043010.8259805915
1747	68.0942219235003	888926.5182156868	117913.11393146771	569034.9768725254
1762	145.492693032166	972577.3135817699	1827.0676084613797	463842.45240683825
1777	67.03947951738722	888238.8943582382	70356.25289846	515371.73789685365
1792	211.23996115691028	10585.3144308211	197531.26831036256	491114.09691998665
1807	67.01012616004795	95.23219738304616	206045.9413704818	67140.8186986632
1823	72.34034813532605	97.28304275795817	188030.01084962196	86.25866235030816
1838	66.60399440379814	96.18668274648488	197596.8061451028	140.414780514054
1853	0.0	92.2503479556553	260522.53893382923	94.718796275137
1868	197.37282655100339	134.6110386057431	192515.14189037203	54.14112644711975
1883	140.41885881789028	141.17960650304798	236464.7681632442	216.8045425280929
1898	65.93970279067754	143.29544873835982	236460.13563612266	94.14875379014761
1913	68.13119810923934	90.9413676509168	272398.4825738967	42.80492672417313
1929	65.28810032017529	89.10195939607918	226599.38039731357	140.59561536905824
1944	70.4164065535739	97.19337112326176	43890.21238527738	43.669485718547364
1959	0.0	140.98065778166057	5163.695752315559	184.19387583274394
1974	67.55199063823093	192.32293083513156	201165.65620370847	43.67400613516569
1989	10229.707298255908	44.10323674555868	158155.36700095417	134.95280570883304
2004	123024.91041041448	90.329023338994	0.0	85.35731176025234
2019	140768.38340993974	43.95847950634081	223.6886727940757	86.2601305884216
2035	199475.9456913185	159.29303321946412	79.71236884251702	172.40632570398972
2050	256331.0015097569	0.0	225.91335781516509	138.88629707582294
2065	159372.69221452536	94.55162943976931	377.45510586814487	87.0046146376431
2080	160101.5205159419	87.83811679840088	74.4599570452841	7457.803709986409
2095	29035.31786312766	65053.70229398132	77314.55687280578	55689.74997196826
2110	427.2939191162586	67434.36234309174	89282.58332914353	64372.89967126469
2126	1092.592947369162	62520.080249511295	89182.29320411698	51206.08184294996
2141	1984.481583131701	44381.928372652954	39735.21087285504	40014.06891168175
2156	21157.83625165292	118.817856500661	186.89724668979645	114.47519918113947
2171	1117.9938000794593	140.04019744802267	322.44720694229005	175.0105697600171
2186	886.4420048868656	89.82616107861512	321.4166978979111	94.61736065089703
2201	11572.177594781555	178.40986074462532	179.05638339859433	363.0472105264384
2217	14282.048092318792	300.53124188727236	561.9894548948854	48.035294958357696
2232	15675.260024437848	233.79203521773218	189.16311373278498	298.5121268440038
2247	51930.183492836644	433.1418966067024	820.1928150933982	286945.8951342262
2262	805.159099772498	5194.9174541160455	2943.76426105435	1585.5243703651429
2277	0.0	682856.6097183754	294147.47915523994	487860.4900291475
2292	139.36543590152635	921004.4100612366	54999.45501391989	478436.6525182903
2307	146.83406145860442	1019377.2917421635	175024.8773620231	471585.49878112273
2323	0.0	484165.1989989586	221908.04468531834	499365.399070046
2338	72.97642391458153	201.93571431443095	213925.78949644757	521929.3328247773
2353	212.38824814662337	44.46102455573156	219408.45369876528	15879.157455631708
2368	0.0	138.11141153588892	258632.6687989626	96.11610946621745
2383	0.0	99.97799253365025	238686.12216201937	171.71831209475175
2398	198.81732099558695	145.24619924818631	248189.11649035264	45.41431854580063
2413	206.69498016871512	89.81624792332761	259418.40679246426	130.01373691511805
2429	70.83360636815429	180.48446554955095	266569.69146118866	128.22364961262792
2444	198.8302636912465	89.84058237869293	267326.18264211743	43.132497429102656
2459	133.39394473709166	192.12498904287816	239068.10886465103	100.46570795432665
2474	65.62466492837761	46.584570345464165	55968.87226554006	105.00905307542533
2489	0.0	43.9111123137176	3984.9868162005487	48.52200775943697
2504	65.12789146242197	87.95664373228327	1704.8244004396443	85.9195297488384
2519	19338.378707376414	185.9725386351347	117461.32152483864	128.73308551501484
2534	174213.1013898378	95.56168835788965	150.78795044523665	88.49666139185429
2550	77353.26063180724	45.44737904289272	164.02468965578825	170.62815242171288
2565	110793.20174388886	140.97532633767463	150.2579540207982	47.02562445832417
2580	243123.58342450287	239.11793133937752	235.8593550015986	89.17273972427472
2595	115360.87260793637	90.37111561447382	74.3810551474616	91.50611619021744
2610	69786.5796738014	50.59724151874892	75.43440285854041	44.529042274584064
2625	530.3937077824958	6878.78848123027	9315.724082561992	24117.860453686037
2641	868.6912622302771	72040.75281751441	100528.80006696767	60848.02399854257
2656	1684.0093968184756	68457.37726616923	97837.64555585652	73775.15634050456
2671	25469.48353812206	13140.267301783897	7032.621722065494	60900.493059402725
2686	1032.766642018631	231.5956732270075	487.9124775537103	3593.7565016358485
2702	67.79853364234324	97.23652443653904	246.11507564862256	137.62970987431706
2717	291.8971963971108	232.08916247757153	237.28356850880664	43.27255297631025
2732	890.2064408987761	90.91641765949316	244.41609200900888	139.8066038556397
2747	68.15271185439546	95.4502865495719	158.92220514714717	50.65918034756556
2762	1239.1892925351858	94.9702050228417	0.0	266.0502166215331
2777	142.39675322035328	47.54358203137759	331.0240212536603	97.89726417168976
2792	14746.581060293352	231.54829661659898	178.1737426267378	47.08363177874126
2808	9072.377635692856	222.72505906745792	290.2191792721488	354.5782982575893
2823	45692.56158106805	379.10043203828855	715.370313005154	339.9785385759361
2838	81777.0665763431	323897.50781221973	359838.7237262539	394.47603017263583
2853	429184.00152769237	1192.7010654100964	1264.9822878878006	297174.8717975776
2868	69.6025746464543	222.66350551773795	1479.1494889771009	1453.6000683213024
2883	312.21278208866715	3754.11550216184	2582.463755739443	2164.6623228632843
2898	151.34378873979674	881935.201161848	54500.322045562265	401137.2159852885
2914	144.06916268276052	922824.9942020725	14868.371132190565	169625.27703368035
2929	146.76177954301238	546804.9176973634	726.6893685961514	359311.51211401355
2944	67.6345480500022	157.4860032918211	1347.890598275662	426486.56404455425
2959	74.16567378258799	96.8025745296292	401.9917369354516	459397.37149933283
2974	67.37018281535245	145.95727165864315	668.1528096471728	506019.83481131674
2989	67.28448541555554	134.36854708879721	113167.0136265379	31032.202095010354
3004	139.49493552446364	139.87490585671273	176774.68621359533	138.47620157703292
3020	0.0	88.92859583228827	180012.5093377686	89.50845262534916
3035	132.13589038960635	93.48463177171536	158912.3203259135	131.043365971148
3050	0.0	88.38245587944985	193185.01085810916	205.2625525817089
3065	129.8159245580435	50.87651499591768	140134.4113731291	48.643731721565125
3080	143.81410851478577	175.8650284975767	282458.6335024318	130.1887263469398
3095	68.36212539434433	0.0	230839.89983476672	43.29370952658821
3110	133.0970684979111	188.90994533658028	228650.1792039167	95.87893730781042
3125	267.3700683784485	140.64761788398027	114924.62136750737	87.79789189783857
3141	0.0	45.30426351761911	153111.67077994836	129.2530056800321
3156	0.0	47.23390365887433	217779.53269385645	93.88161013714038
3171	279.2887873843312	183.98155776348432	53698.805238478366	140.29896632697432
3186	66.62308383215219	49.23687343640719	195504.0796338816	43.21527456603013
3201	4566.408282891805	135.5385295413807	184735.04200157462	140.54571126401424
3216	153794.12946352508	43.790621918402614	239.64211444705722	84.87169465482235
3231	130067.89904081481	131.61230695164298	152.4257732510101	92.47617981880903
3247	71534.62156404724	189.02090820387005	162.54192145958544	46.65399287775159
3262	63779.15902882643	49.296310053244234	321.45063133100047	174.9206240999885
3277	117745.6180875418	90.82521939620375	223.66533402343745	92.95618671183475
3292	21050.053670089692	180.32324978845193	153.91097644921393	130.23235751017927
3307	45319.7714455599	46.08074214177672	74.1099819820607	45.10115369239357
3322	64282.892319770515	160.05362423693293	230.0158984333277	128.0169534160802
3338	189644.70221331625	0.0	225.55885562094858	0.0
3353	166842.7089789106	132.69861139441375	298.4806958582997	191.47709969818592
3368	79389.49653513629	9965.534588736222	16391.155662536912	33953.990410385
3384	499.963800455723	86051.84467679978	107833.53577385416	66367.17981717057
3399	1034.4136842278858	80589.56619983101	125272.58360187012	75899.26884657596
3414	1301.2680065452541	64793.592840467994	50476.69294044275	42828.33067403757
3429	22938.65886184622	723.4308630298265	270.18644707202907	159.27732832125852
3444	138.1208795041591	192.35843050859867	79.98304994690697	131.54005215615035
3460	1041.4838016166025	0.0	397.8433883531764	43.96064167812467
3475	2601.8311263090927	229.46610320459584	423.93195347785945	230.98081624531187
3490	10864.903713415859	162.0335378194973	178.1639918345958	227.38580970525743
3505	8869.02086512788	164.20958650243935	344.7662923717499	91.90808197536506
3520	1175.2386483475566	88.14058980955743	332.1521804612875	141.56784691214563
3535	3199.6053447380195	135.05202683244366	421.53563232505695	143.11055614597166
3550	20913.518259902783	298.2874553536996	280.39850584577766	249.29985033773818
3566	46723.85255869213	256659.84973412816	268355.46417048323	337991.45806551934
3581	0.0	2850.346841885671	2062.0545651275247	2541.939560388215
3596	67.91056997865438	909193.58152397	161433.24421749133	483216.58308411494
3611	140.98774201327004	951116.9187927833	34326.43677509214	484769.33383100637
3626	0.0	919099.5613341135	43050.25667973623	465767.2448247094
3641	213.09773940023035	162471.73236634253	201385.0541895422	550601.383877161
3656	133.06999637637287	97.61804709881544	209249.88116858725	487001.3108337844
3672	0.0	90.64310432959348	232926.78822680304	8272.538234493146
3687	133.188218695214	93.42333801724948	203914.3831366715	93.25988096892834
3702	72.37438659265638	47.25510030388832	283143.373272541	0.0
3717	202.35863122763112	180.11563777029514	326959.5921476604	219.9841504562413
3732	137.29633467629552	44.49430373065174	219196.37297546526	43.40809319873806
3747	67.68371884103864	88.44402867125348	118937.74069884734	87.00417454755865
3762	149.59455880318768	99.44012275516056	184756.31893808887	189.44563581213356
3778	0.0	222.47915185696445	172083.06322669945	0.0
3793	0.0	88.66193046075291	40268.00205660493	44.43902660460677
3808	70.42735498887487	43.933236945420504	1391.212170207589	86.74602334720083
3823	78.79545626401901	131.90378507504707	91804.00257306453	175.1231181766838
3838	136.88489099040626	43.47918947854545	203472.36612803224	42.50725742831826
3853	69.80822161212564	94.8087999606505	207121.31058002263	150.21575629924425
3868	67635.53265311569	44.30913901513908	35935.53917092921	130.42248807712923
3884	64549.06092006294	132.2400815920159	74.44646642837674	43.83971859913319
3899	133019.80641388064	43.7106190916989	389.6045911748195	85.71445067329333
3914	51872.110917172264	177.3653597289324	242.9451202361891	132.32849838503637
3929	196489.00415004027	87.88894248583354	225.87542337331922	0.0
3944	194673.68243598889	183.0262752043642	223.01778848245738	188.853094359152
3959	159267.0012351846	44.18857651341241	225.0987495663017	49.62465947717428
3974	74148.29401545627	24632.002969763704	33897.708086812876	45912.34748586499
3990	572.407401124388	52094.69253886491	67983.02954946367	56799.19718253899
4005	912.1269438112852	78124.22708647992	100404.09470185023	68634.45196510092
4020	799.4237698154897	68612.4289648123	93518.44264269072	55928.83049769666
4035	136.33878187792376	5637.265135022504	1532.0874911947176	57.6656505176425
4050	915.1918163637724	90.93416367396712	445.28877732732803	175.14557384910063
4065	46667.39856840371	429.486483591199	628.1944938261062	131.8877772666374
4081	24256.153526560764	239.28293358866125	403.96414690604433	233.4875090643298
4096	43720.74215668007	152579.06425443338	166744.91647530303	437.1012374920583
4111	2954.0938793860564	1302.6807217574678	1721.4620656315237	334482.59678456915
4126	0.0	1654832.7624933606	306321.07739082136	1093.88081956462
4141	143.3056322967913	921952.2805983082	127533.48281493947	522885.38950717985
4156	0.0	903826.4147274871	206540.7641130133	463756.0672421221
4171	147.31542882146314	425048.3447644026	237842.53046764072	478769.78480565705
4187	70.4135245013237	203.07764984339477	252533.8442919301	487001.8969385125
4202	70.98960114763118	0.0	262647.7409032657	487853.6989469127
4217	67.70925361081493	89.73341172322631	286599.36321417097	22649.52921428159
4232	71.87516963481903	132.74975618485362	258429.37992909478	84.91433647572994
4247	65.39639017777517	51.86646800942719	200557.88010816832	104.39124276064337
4262	68.19803068954032	134.7605832523154	192517.42439134142	148.75898429601452
4277	0.0	87.57045242395252	53204.79041913547	96.90773273220286
4293	223.24845944344997	88.64432269893587	217777.36497901104	128.65755404043944
4308	202.75013720087708	131.7093964602286	226539.1574781971	49.190869918079116
4323	68.06716357588303	89.78777526111342	79967.91450083615	130.72455521543975
4338	139.30467735849322	139.26288881451822	223763.74215762323	86.39828452645801
4353	46893.99140307	0.0	20426.638578605496	170.47573504447936
4368	54080.81600382473	176.48064405430108	166.11295955294744	42.776713424795304
4383	32282.626125489925	132.46248906380498	318.0380036386661	173.1916169703007
4399	74662.50858333365	45.37079678465612	234.35884751169942	46.80357659595087
4414	197578.26436326982	89.05297144926153	166.6156373860687	87.47091164555401
4429	205889.13079380032	94.46194889843464	305.95219905689356	87.55347780929878
4444	63713.32336355246	88.93948286220431	74.70936856195331	128.80471389591696
4459	143602.79283590792	90.0071203535702	300.12136956373695	95.02662830100395
4474	99463.08444924306	87.38104625159875	222.24288870263382	89.91006739473902
4489	213924.35957858255	2577.6797321106824	3803.830833501555	47.79097770629917
4505	414.8393081279471	97772.65011778357	89347.26476791754	23145.688801296936
4520	1113.7099887717702	63036.282135930436	58888.439029079935	48545.30475906464
4535	1147.154276868142	65376.61922839523	84097.35861482203	73763.41550137158
4550	17929.108431113644	17283.48125314533	34189.13639174993	8737.471264512511
4566	6724.602695724518	154.1517722325772	86.32673098169268	172.56463637400884
4581	7376.29315317098	212.0422743037343	358.45207199662923	184.80403464775532
4596	50592.90495794788	441.0665966239572	736.7636116793007	416.34864255012945
4611	48700.67272458315	105966.46638063452	120920.31639739193	313040.13094258314
4626	728.8954418411292	2805.130982197719	2105.176920166961	1897.974309610976
4641	68.36652105338871	875095.156098319	301327.9781738278	509130.51968933584
4656	72.1804336681962	924697.1224763058	115469.96648550045	499570.7883912886
4672	66.14743735447526	972062.1703274776	223730.6175773057	493772.25894722197
4687	66.87848683923482	268403.36246140854	205276.04312776815	522600.2884254467
4702	0.0	99.55875960650854	209301.15702915535	396831.8557090958
4717	151.2675153926108	44.447028242954985	222281.6334124061	8110.106867386996
4732	143.90867310389876	132.9237493601488	223540.02707853087	142.92407995462418
4747	72.89980942230206	174.8314972099662	316981.1679259713	136.832225375399
4762	67.80694991266355	87.89015502929688	272693.96157637745	87.14612914863042
4778	71.31494760766626	47.42894800204318	220627.37914934865	131.77025831202977
4793	133.7930264789611	86.41325247883796	174557.0622856957	86.931756058475
4808	136.0082284306176	223.60114725283344	238705.90469371865	85.66306890570559
4823	70.51165747598279	87.95030991510488	26267.390015799225	42.64921375441365
4838	73.60267253935336	44.02718324586749	4869.471115492583	44.02668358702213
4853	67.84244525626302	88.21766140848398	29995.268953813822	204.54168424496427
4868	133.82458815433085	176.79476289093495	216070.50667731577	101.43445402742364
4884	4323.602569231913	88.39419763488695	176452.8123597923	92.98604969824665
4899	169242.93165217174	43.92401995644439	74.77385136097669	128.53645425107794
4914	166877.02131039865	173.0502119076252	152.01656287535093	41.99510892025195
4929	213680.9858856084	43.80182334831916	0.0	42.466073193792255
4944	112212.70007580041	0.0	249.68946674622595	44.92620821698103
4959	84195.91803923539	87.68207971324213	79.84524256899488	84.91645874435082
4974	70201.51676649133	0.0	168.24296190574765	42.139536465886046
4990	83149.28831152797	43.417987034604884	237.32035594117363	42.813349151392465
5005	149687.55523913554	10572.928964688164	254.5664233338274	29549.168915207225
5020	102.63757620334626	52490.7624906577	46646.0585264042	55757.34899753393
5035	816.1169511415437	70082.50559580277	76053.05920056849	71228.94049643818
5051	341.3135506852158	77310.60411177055	67699.69458923471	60159.26843033858
5066	274.8771936390549	11959.404407700744	84932.51432878347	2421.7751955325252
5081	16598.355050421775	119.63515163468197	14599.943027016243	171.2488007382676
5096	4310.958350000382	92.8807159309648	513.7154270726255	85.45197509502992
5111	68.54980666548013	176.69245513143017	166.5011396313552	128.8852757339459
5126	137.9187001937628	0.0	169.12074160192162	125.57148091312499
5142	136.07985628822817	89.18129908363335	160.91030381441115	51.48849677486345
5157	436.01126166138334	143.66743193642702	246.07339850317686	99.50292496053503
5172	136.9359519895725	43.98166438004933	338.9724450159073	209.8738270752132
5187	6143.702811769601	200.67289875119926	249.05089065883308	269.9583035530988
5202	18914.173098887353	337.29715292438857	357.14708263970914	159.21122007679662
5217	0.0	145.26145289477427	165.3711472895369	136.5441830100864
5232	954.2341547908634	176.2525553367287	265.6801775499573	86.91644887626171
5248	1026.1590145301539	88.3042970046401	582.0013849386387	44.52699734598398
5263	28428.641857251223	306.3847420217469	387.36166964530946	354.69317360378807
5278	37576.10013897181	13126.333364309556	16655.451833882413	315372.4349207261
5293	0.0	2135.5912849371134	3633.3102516173385	1443.848477707305
5308	0.0	870705.5885651204	250906.0333509992	510859.0175804213
5323	147.96051752232015	870697.6135842018	53405.146715131894	477259.0886528999
5338	0.0	979135.1930028981	210965.78655170696	505187.7597386792
5354	203.5053198672831	335927.3384984252	213265.12576772447	477784.8241888438
5369	0.0	0.0	213982.72974114775	515257.6801801238
5384	0.0	221.80801654295064	215377.28240906197	20374.496680490804
5399	217.04175412617622	87.43224429843016	213285.19510049064	100.99900425544008
5414	67.78601556227542	175.365804412961	232607.66489536813	100.52670029886067
5429	0.0	43.817461217115635	278480.36962982715	42.82059997970704
5444	64.98231759629212	87.52562951688655	244078.46612691449	311.4684931833856
5460	142.94289921212942	133.88472010773606	216587.99228573867	49.57897847339511
5475	0.0	44.11764278948307	130808.50988835143	101.53013408824802
5490	132.54085494577885	131.6616264514625	278917.3438045483	99.88989581242204
5505	139.96618459373713	87.4026908200793	134771.93692666874	49.20627078518272
5520	17696.35319671631	88.6063166995719	100996.65650021739	88.08123999339529
5535	167085.8966068067	174.7749440875277	141176.70620462464	131.86293012815528
5550	190889.23499528805	173.654759593606	156.6009976659715	50.27105449587107
5566	197646.32198185538	91.67299053400755	327.79046811819074	220.62401758521796
5581	193160.56251994736	174.56648118512706	304.62204154785724	90.87984388093464
5596	121747.35354400467	0.0	74.77015341080725	129.4500298671797
5611	140057.72314019676	133.10960775421466	149.68591906130314	140.64628373533486
5626	37129.99881183472	69752.0529001804	91845.82990828858	4213.5742635909655
5642	561.0734819248319	80496.90949421146	117479.51215128014	86733.6594059553
5657	1075.9158004402368	70146.67297887208	85329.56919883394	82864.1434001398
5672	23152.27915164526	16642.68142388761	19677.425831304114	70922.49634807426
5687	234.90023122915997	195.3284783691168	250.87775164889172	5610.123706954448
5702	908.3294832345425	176.2018601515144	316.5572737956047	145.03875767558813
5718	149.36506887435914	0.0	170.1729407695122	145.18402018174064
5733	271.70170134723185	173.94085535470396	331.7044883452356	50.426149275898936
5748	27316.00679648249	301.2768167246226	391.02439802366774	179.45362471818925
5763	992.4947649472952	90.63051856070757	316.37455506585536	343.043518921663
5778	0.0	43.632602462433276	159.96441051140428	110.84355824466795
5793	565.9234601054807	130.84375600484202	164.82184986025095	43.70977916889824
5808	371.91331511292606	145.91926535856908	418.0925328423269	102.44313995514065
5824	72.96360475014895	44.34758410258684	362.9594787003659	50.56876950684935
5839	35130.59074116694	419.729870871352	499.42702861949806	221.04976039121394
5854	48860.41544952393	313018.71845972724	270516.24881945475	436.38618811690714
5869	722.8288632596937	2736.683968035728	1471.4119116538484	293888.70184460265
5884	276.84280245155094	810098.3976026633	299691.6832416263	2045.3557595928569
5899	0.0	757991.8993251823	221489.90266666404	510042.9966750755
5914	132.55585804458707	950930.4765568275	9300.711259529386	479160.43023052445
5930	0.0	292320.8027381934	641.3601591228694	460770.3223360983
5945	67.48612357862294	186.8257504806295	51986.114998134726	518215.67882321286
5960	72.26971712876112	0.0	211911.00669012978	4512.068143680496
5975	218.10239888414742	87.08281095412559	202103.68447627552	189.85852331226693
5990	0.0	133.6240495653637	195941.95583826434	97.00122752247378
6005	68.823113009464	44.45466670766473	210824.6854004875	134.52902851696126
6020	205.46821559406817	190.62523914635182	229836.14904008305	142.45355484411118
6036	69.4524878530996	50.9841039197566	182722.0398154416	45.35546048589051
6051	220.58910458844156	205.15549870498478	218040.324441636	92.99065864026547
6066	71.79528979301453	132.8509262688132	215577.16668495908	99.05621236056089
6081	139.23700053617358	145.53751060720066	254429.6090276189	86.02167985141277
6096	0.0	0.0	117973.05409973917	246.93259156362618
6111	147.8495052821189	133.46640006691217	43239.36660296439	46.49863802194595
6126	68.9145287730312	178.58426368374379	1692.301294646552	139.7856211182056
6142	70.68957192597911	93.9608654716611	790.5385463908827	92.09005496501922
6157	268.5488426400721	93.22059415861965	873.7043963374103	48.2169027445605
6172	0.0	54.47375652620103	1018.3258157444419	138.9720425136387
6187	142.38083831562662	154.27227738797666	2067.800161209796	99.7586196949333
6202	70.18871348531451	187.17229938423262	129840.37248687044	95.39374922286719
6217	0.0	48.242815017700195	171444.48902105622	235.89212725542484
6232	74.88164243970998	178.99288201457819	20461.972498613894	45.217386745372785
6247	139.59590290099382	92.595066010952	415.61491008941084	49.83891235169489
6263	0.0	97.99499949275516	407.84775252789257	170.25868593106046
6278	66.66929576635361	89.83963652668521	238.35388267777392	44.94825116844382
6293	0.0	46.21090663075447	255.684571198225	50.030577363446355
6308	208.84691862555687	89.0826529778447	608.7391776015796	96.22374154794961
6323	0.0	151.87666107660624	367.06724898211655	88.92424043728039
6338	66.67619346857072	50.64997983234469	175.83394632786514	129.68279806225095
6353	71.49073398947716	137.4508044457063	468.71870206830556	94.91287138462067
6369	195.34554306685925	191.61617709696293	399.5544937418075	164.5582101538405
6384	68.80552526831627	44.159146072487346	160.2836423009634	43.62114416996017
6399	74.9230336757563	88.23867542839609	5209.539429802391	145.9631072617974
6414	181794.8732006096	194.30740954564885	3447.8703204600515	128.25104192330036
6429	124029.98297350705	95.45457213599235	223.6238255046308	52.52805073902011
6444	104541.66047949367	88.55716800995171	155.66201556026937	129.3525720604509
6459	63438.553264064154	88.81472004055976	164.08883194178344	93.80542702605017
6475	66290.63117476854	141.07786206033546	327.3930499361083	128.4332925146073
6490	120250.36937516197	104.9670275779441	150.7188459466584	141.14254918655845
6505	53753.018775159144	52.01078040190973	148.844767195303	51.899672373156065
6520	132307.96517542668	88.22620797182434	222.81633203700187	131.6720486000413
6535	69535.70426232957	44.29851572662592	224.04932492785156	247.50945660779252
6551	160097.27538447952	264.2727917592041	149.2124822524376	4965.403698206395
6566	32552.515464874396	52218.59337792494	76751.01763290523	59033.613035726004
6581	1123.3671675360624	68152.33915417202	43385.12719978613	71746.63850767072
6596	317.76387560963633	51758.09659127495	58097.237139052966	52892.814948807274
6612	1413.62672952801	53597.60488717351	117832.83142266961	31741.28220719386
6627	20604.59992208004	389.14786349100063	298.6025427299738	48.140469219344666
6642	1097.7590890359224	108.94363707707264	319.95484973778946	144.25244188000448
6657	77.38678559102118	133.29846063239034	323.15991983251644	143.14710213951764
6672	469.0533564931992	91.29879566054791	338.04272747546435	148.26116778394675
6687	0.0	87.13890331344679	163.19357137908227	97.11489136797375
6702	2383.9992603056135	45.98933032097295	157.17580097710714	176.28376956939698
6718	16699.621363271883	386.14299415223303	455.22062807721085	234.18633689248935
6733	5505.072965651752	192.84242238068953	169.91058242350817	134.07026506215334
6748	0.0	133.8891120346589	275.3061173348129	49.6572196608223
6763	995.9920428395271	51.70381896197796	262.25051384835035	192.1741356512904
6778	73.13464516909328	54.95508149720728	243.67923153082373	145.86882780350277
6793	37581.266709911564	445.33884788004684	649.9320408118888	221.92818105550484
6808	33006.1746969143	381.9182429239154	397.42551969777793	279987.75652740913
6824	0.0	773.8616419365071	3095.1535288725795	2718.695605097338
6839	75.94570993691683	920673.5728548144	332372.1380962722	496130.899429855
6854	134.47233058139682	890317.6358383718	33886.52158358607	477700.8040051661
6869	69.3581296146661	964614.8796942316	223692.84634664885	475931.530329175
6884	0.0	379499.28152132593	236475.7520618528	486224.9920741735
6899	76.9748083788529	0.0	216836.69404412986	487249.9885368245
6914	204.13640038561545	138.35148378359156	215870.91041054935	23088.320095374587
6930	0.0	109.15024244983681	249651.76402153636	43.61136150078848
6945	133.16222305048257	102.67749238431453	258085.03302058237	192.4382140886411
6960	142.3620595979411	98.38679185509682	230007.10551191348	96.21247772164642
6975	134.64847499510273	132.7868942524167	230763.39555400814	97.23844983090646
6990	148.0736508425139	48.46220340443775	210231.9366781513	46.83513285921887
7005	0.0	93.9723224309925	247388.2542557563	203.5648947930336
7020	65.24309382677079	44.218967113643885	78244.63329358539	42.78889927264768
7036	145.1066831061244	95.00278233475983	5923.388976898044	140.03868121750654
7051	67.3935861414671	139.94580118115994	213819.28515760624	101.10259094890208
7066	139172.25342947882	112.123964561522	31631.57986703422	151.36826847885735
7081	168042.8268023658	196.1709057569504	249.11060395980252	90.13558935075999
7096	77640.93882619448	0.0	224.11834454384632	43.12819690813776
7111	136725.71373282207	43.4535961573571	222.4841640206985	106.58106895862147
7126	121965.42210983991	131.047350667594	74.80578455297277	151.0663818845898
7142	73807.00053298668	152.415585764274	223.34547474060673	49.53549026776571
7157	167284.04472060717	87.27652016244829	223.2532657183707	128.92762912974692
7172	57041.54551928937	40640.77616516815	59442.86600406272	148.51417314844207
7187	551.2521707951091	71665.04677200437	103326.28737934127	70597.28256287283
7202	703.2690302622691	83736.07449664001	38109.04690906759	70151.74501719335
7217	306.0532655316219	36778.62026741987	82871.2825638747	68940.49760670542
7233	12817.340593042822	179.4898729986325	14696.843671554925	25390.181196843267
7248	7652.993469496072	200.8035200565122	178.0537186243292	185.23973916294986
7263	227.30223183569035	93.85308327935635	83.84701755940914	97.45605661019682
7278	281.5433598086238	142.463319738186	318.4669959687442	87.50822760800831
7293	0.0	0.0	323.2959594286792	95.72380695701577
7308	3703.436700599664	189.80045693507418	325.7580289993621	140.12200196741617
7323	23924.74174231231	303.5736846461706	511.62472579665484	177.54634897358716
7339	27638.710614580657	441.9496520363912	437.1687570892135	280.64720466546714
7354	47384.28087461382	284475.69936292036	158597.14138226403	454.07658618774263
7369	0.0	1516.685859602373	2416.106116782874	291240.99933280714
7384	150.13721551917493	899928.537519252	198935.26473734903	2694.030045146048
7399	0.0	899581.193858175	187976.7680597856	517391.39944826765
7414	68.16306572087109	976653.0825084522	230366.96337099883	491129.2630149253
7429	0.0	329350.43727387907	215435.12298011113	479496.2294084629
7445	297.25800702884794	142.275907421615	212991.31692717774	509955.5641543256
7460	0.0	87.75426029461435	205009.97289051936	485945.0773999281
7475	66.83321924550924	44.6492867114488	229234.75765406253	132.46472423477098
7490	68.37302821397782	47.87601393925957	242752.98073166845	43.98988267332315
7505	71.48617020875682	106.23959145174362	232449.3469091663	187.47153509302063
7520	0.0	103.33419295141474	221698.7214264302	107.27125698208809
7535	69.70117436251603	44.50261350103188	232169.45930473405	176.54766788780688
7551	196.7649117439985	232.34424964182546	109277.04664998956	45.886629419457165
7566	228.12629070118538	89.51461674386636	3876.495477944114	138.95214358113705
7581	265.3374712896347	43.84498483301606	1847.314502408728	133.92106098935008
7596	0.0	92.74716741621495	146782.39921966125	113.44539004968479
7611	200.17743543856312	145.55375342975836	223539.19440612488	0.0
7626	73.12160937838256	141.53526849259157	219081.0216202986	223.87486780807376
7641	135967.97983908225	90.65288254659623	15893.41668372944	44.710934426635504
7657	167423.19402670345	102.50862078093924	81.82430653223769	87.17587963919155
7672	169497.5155360508	50.715367242842916	328.3851839715242	100.11042487663217
7687	173656.2897511344	132.58198777831626	253.20826919378712	183.29768022032454
7702	136505.25080505607	101.57154212063179	165.0569315378368	182.8989525704831
7717	216485.523477745	43.94687138848007	244.21258452907205	42.70313743547071
7732	108325.88053354953	20909.81487764403	613.2281606708467	48440.001110144854
7747	823.957706831321	83257.23448994053	58709.63134855478	71813.3522400327
7763	737.0570078667998	74011.475474967	93279.99650396722	62890.02722700592
7778	1013.881131525468	51056.61412040242	139651.21883797532	50642.1305309156
7793	30019.804333329736	6388.086071801557	33303.35873064985	2140.9775244457273
7808	46009.25756378687	553.1811714026704	720.8475431433693	336.642761836946
7824	39589.29938206449	413.4214446889143	510.1049823947251	712.234177179262
7839	329174.0494009733	336373.1107862013	350956.7975104555	1695.3194263514317
7854	708.0807701200247	3115.410062241443	1948.4904765925603	132233.55387926754
7869	223.37922146318482	840260.259731819	120540.49910276227	494898.6933220902
7884	0.0	928306.2671247405	188101.51802650598	396825.9109721084
7899	146.06065517954528	887607.9351582462	229396.7676892969	337843.7262463642
7915	0.0	30010.433780721272	207101.8040957355	521671.599067221
7930	0.0	100.21908360002563	218782.21178165602	472619.51814387384
7945	137.2583776974678	145.14693541858347	219476.66255695504	33897.037776259
7960	69.4027388819307	107.34890232145786	255917.01081315172	138.9772228103969
7975	69.90068383902312	152.50189720361027	249848.24831486435	47.69495887979865
7990	148.09637554720044	49.57464530132711	253431.11329514644	172.9390754134953
8005	70.89323841303587	132.50430808961391	233915.28280804527	42.36902817311231
8021	70.04844673063606	88.6599972029496	205763.007828068	174.26455476317554
8036	69.75647216850892	138.54247463756707	238384.9878974661	45.03485459983349
8051	212.72043273146267	224.32427812125536	190348.80915831384	134.64226533975454
8066	0.0	45.663832742832604	168638.63309259355	42.9647109676199
8081	49210.8651972875	131.77518720611928	7069.1137072876	174.9078144919686
8096	100429.90067592249	47.18956374631729	357.8572062990442	43.28506933834869
8111	96748.74314617718	151.59620310697238	173.51201062444596	132.74036509672646
8127	75918.4589993257	153.4498741633259	447.5055794063955	43.00139096914325
8142	117032.05189971637	0.0	169.2925148203969	127.77545772248413
8157	143882.69657423784	185.21001438152044	80.3077303403616	128.63215018852148
8172	60823.903928707194	43.56695755273104	246.88461046914102	42.084258015984666
8187	166367.5398240566	87.97375548779965	166.46299249246715	130.7625890770275
8202	179828.28013876665	9301.278746423775	264.7587282579392	31450.96730243042
8218	517.0886537902057	91726.01223287657	1693.830832882449	84516.131526844
8233	560.0429707060196	78324.89662892687	83411.10498945303	65553.77351676975
8248	200.95733890131115	55607.93851562455	115060.26062995009	40523.51650356966
8263	474.7793936340837	5964.377526550666	94326.2786782489	338.2423705919739
8279	18150.51997237858	354.7037432665005	32622.28671603238	407.38041457001117
8294	3415.117098360509	90.7099784329813	341.040420946572	87.34037770816126
8309	611.7351461864123	130.9825447909534	261.7206801175559	127.89961725094355
8324	4017.388028241624	93.24932914971374	180.8427434611693	106.66081664299593
8339	22206.230528446806	293.6563789153006	723.0997427320854	323.0321313834842
8354	34919.22112001419	373.00872690152374	414.46663506314155	518.6417343275249
8370	54274.94499382481	348666.7271468501	342047.7088877169	308942.46416349214
8385	1424.9319923909102	1976.4445131179878	1439.679937293362	1383.7847102321684
8400	0.0	896612.8847965392	208331.38167169137	463895.16363977786
8415	78.30569692943246	912158.387464086	72860.7513227907	387172.8053509228
8430	0.0	915572.1898869966	216712.12256144907	379938.5500516107
8445	66.1019566533342	304107.34440919955	225142.8439347113	454780.19071152306
8460	73.88786149576306	99.10081845670007	211150.8012400394	509631.4472076391
8476	67.32721703097224	134.65506351982245	235145.31859923754	90009.72293659954
8491	0.0	131.65021829727107	259936.25654728187	90.36114694492892
8506	133.74424034290016	88.41022024777718	245670.90847165522	100.90727438628673
8521	144.59696137245746	136.64965852171184	229605.68780955308	129.75653641787824
8536	0.0	49.471384541033764	226198.56967023714	130.09579730520957
8551	138.2460042988602	152.31966075412464	146842.98611855923	43.57559963001404
8566	67.23886227138341	94.19389619976282	34900.85087787148	86.60012850059196
8582	147.65312651008367	139.03528792498167	282103.8213882534	85.52288379132747
8597	270.37115622058514	89.87371790759265	231742.96505024008	171.36424770578742
8612	22709.414775796857	43.934200809039176	139137.38430205907	129.99877181519756
8627	172088.88936209783	133.3565530404495	184.25641689151524	45.01723393993452
8642	187055.37571937195	89.15559501945972	91.88779494646005	171.7766240107082
8657	165222.65403437178	176.73170025525616	351.0215196202509	88.08403901696205
8672	152693.46826051618	0.0	85.61543251141906	172.6655087962933
8688	131356.37610307217	110.09819836576469	408.1177712306846	43.57139707388822
8703	111281.51035848676	156.38333051968831	172.00701391473413	94.27191430664621
8718	58943.486106822515	0.0	244.1838899731636	85.485752421543
8733	148953.9436374979	142.8234125724435	162.8883340437524	128.7785226778686
8748	28759.262085573537	57941.82622660854	76053.22461045861	3256.118866417407
8763	1111.571738806367	56969.84170900993	71900.48986536996	56923.77482007467
8779	1049.3240781195927	87972.66545797717	126116.74938397031	62474.09668502162
8794	13318.530868021846	34723.08656717837	31870.815292487106	84172.18571939706
8809	17282.395319550364	332.7410034662113	442.3662949230522	18894.047649724966
8824	34221.38540384687	297.4313783135079	448.5883948660828	214.8521535477601
8839	51577.51200067489	505.9617133551463	681.663233329961	381.5324686618382
8854	544858.5295273341	335542.47680906515	340520.5703641705	94592.48903488835
8870	0.0	2896.8118892146094	674.6997883835435	95930.36083257402
8885	67.24174942374229	916297.4039708731	0.0	2119.620954582319
8900	73.45864715613425	914678.5662819475	2071.7843667391967	487325.4909611938
8915	136.02792323753238	924179.7833601949	154830.60256753833	455293.27021476295
8930	67.2422318023676	294669.62723023543	218850.92347230864	500780.3232597292
8945	0.0	49.00928645004518	220263.9200355349	492371.52434629353
8960	301.28287430081514	132.0797310452163	210818.63553340416	11262.872632031591
8976	0.0	151.35478671991265	216663.8027439067	186.96303820850326
8991	133.92157691717148	53.54058064946439	212283.08343422972	142.88681961670517
9006	132.78428931042552	134.31404723902233	242558.3381647949	131.9464740372123
9021	0.0	88.30520598225296	240717.82280491898	86.60980629159138
9036	134.59975850582123	86.34672117347829	227076.03607122134	130.24911620966625
9051	0.0	43.96998123809695	219875.18446488498	42.61442753566429
9066	66.09513850668445	177.32785725228487	104726.00661674055	136.4962489522621
9082	145.91210215346888	88.02179258331657	281254.4175944004	85.14214235693217
9097	278.33755570756273	134.1811912248563	185522.25809985417	85.90417307499796
9112	67.9248985279072	50.44693975895643	57103.11132232938	127.22440964201465
9127	0.0	205.55615439385176	209578.12553874237	86.27766974343918
9142	72.78776337610557	149.42733279035895	12649.920068884268	140.11403967121618
9157	56509.878843126564	87.21947273619473	18280.509555672295	127.33463712215423
9172	194601.17949501495	90.06737443953753	242.18712863251102	42.79017733449116
9188	162132.47393335289	44.61792034186888	85.24607856881339	128.9734828405967
9203	222149.83467549545	88.33431027691812	274.37378254251087	85.79303679577075
9218	165072.90772441885	132.2141614741087	161.80858476224356	44.74843172505498
9233	155289.5126828257	44.62478223218117	243.29974863021633	4446.497113852319
9248	36964.28712366641	71842.67314665786	98698.18397054155	69641.42207410438
9263	1280.299890051689	63695.974444293315	87753.1738152121	69435.73149229417
9279	948.0208511251816	76360.61968799561	109311.76700203141	72250.46912781417
9294	15085.74634073138	32353.387235708764	18836.93445767462	14738.166564643829
9309	10278.058282427788	209.0196875557676	275.429588406086	89.75678378107958
9324	74.88929288379383	219.66815943601543	259.7921682119742	129.75362711995842
9339	2812.4927962653846	91.38062796821818	435.7624898989219	96.96809259749949
9354	19442.566235188577	127.03776793926954	288.9530662053684	275.9923630297184
9369	2442.4427723764393	185.48090485930442	163.87698647683487	87.78253370523453
9385	145.92753540962934	44.160180462384595	430.23361043706535	85.75943579354323
9400	961.6861428891774	218.05996200821826	88.77010617021472	93.24862487794832
9415	2974.905121880025	108.57228680184112	490.38493765415626	95.18716986626387
9430	18256.859677362816	198.27971196491274	100.31831732517108	275.6437632783316
9445	2562.113687438509	209.5320054939948	358.1994595900178	88.97053875449113
9460	15018.843061322495	212.6549262267351	389.7718427374959	464.64922885268925
9475	341615.7976936483	328996.7826459712	363791.78910184075	1723.8669357925373
9491	1085.7826052000794	2931.143776897248	2407.7091759147497	1058273.0196773368
9506	0.0	902504.4656711109	51634.36890282929	506276.21043032594
9521	141.40039913773538	943826.483607718	156759.97454588648	456576.69580949965
9536	70.63028343231417	815290.7153775916	225211.45104548946	490784.9145684235
9551	67.42056826394051	11564.493349765335	229536.50230052116	489204.43701506034
9566	141.16920660618692	130.54903345633764	227600.07689368728	89825.51879818275
9581	0.0	0.0	220299.00735807364	84.19302897325717
9597	202.6199898429215	87.17229558706283	249158.5581757933	142.39129878453446
9612	134.33225635020062	98.82686381461099	266835.27583521855	42.57677524000406
9627	217.6868908284232	209.89168143210932	250523.074395676	130.4410697975289
9642	71.83330557389185	100.5926554262638	205104.02004355585	43.70613821441307
9657	67.75523926243186	196.94190879762172	171606.41220265493	87.98566003027372
9672	0.0	89.22848416127265	123987.92171442784	43.084733566497455
9688	142.48667257966474	136.38877803691662	46158.76641585131	172.62758981164544
9703	72.55739225969184	46.95520818026271	244607.92286180487	42.34607862783596
9718	134.50978818146513	155.7356253071269	221204.16466470703	43.1086640971899
9733	38581.52204178095	101.28278384804726	108719.43831289708	128.38772252708674
9748	166751.99626838518	89.64636335887946	175.06877870289608	86.99833704454824
9763	201302.42318484583	129.46723440235945	84.49610678012017	90.36696180671453
9778	180182.06121141367	87.51367326281965	85.00522698837798	44.15893042460084
9793	202364.15355165137	43.939980513453484	261.4638590455055	128.64690008697565
9809	135506.70023244878	87.80713284478523	427.884546981845	130.3733743948443
9824	71241.57278147117	87.20406908839941	83.0655026442837	14183.36517975338
9839	7329.614335501492	94107.16058156919	17093.168848127054	62135.8527003601
9855	306.29961901489645	52760.96838370118	50219.61831773625	61880.58346324121
9870	666.1556843244844	70884.46662729219	91885.59469271757	61783.34160402495
9885	23303.58945933036	1924.3696991393065	19347.82117455933	16428.41881096721
9901	577.783808026202	89.36935188459232	171.80355082452297	107.89992049656809
9916	738.1913544820156	89.16811461254954	424.17194313181096	131.8837760211574
9931	852.047416019775	43.453477512742396	481.85550436377525	0.0
9946	2770.920646097213	235.69613290487322	0.0	167.93686983272434
9961	21369.028783984697	119.50583602968604	602.87686249475	146.975149497916
9976	706.3047195713733	133.33099964174443	345.9746378828399	282.5928120590979
9991	1902.5520593311824	0.0	373.75272253699603	53.00606172516011
10007	25352.38341395939	523.6883966527507	561.8475903584622	182.27138793468475
10022	957.7522658501566	107.00539287263527	256.57024750337007	174.1282462049229
10037	1114.59401693427	132.2717819472123	328.5227936697006	130.32907791500912
10052	0.0	88.1185961303208	177.18977340400218	130.4206287809601
10067	13432.482279973454	222.56741884488613	365.779208265096	85.35360491722822
10082	10423.91276477288	215.99554536513983	286.92525122210384	275.6318409428373
10097	1469.5799346335884	2861.5800862005217	3095.159995870893	241479.99571604133
10113	72.30709614682942	1334132.7494455993	531150.8284121994	2758.457575272694
10128	0.0	902151.8308231339	14982.45552340172	499241.0192419474
10143	72.70721146747469	941085.8022914855	223001.69463827982	481046.33625300316
10158	158.73701251370832	451956.51594135317	207077.95144849998	470394.78305280564
10173	216.69291962821038	217.98076070547103	220717.9984418578	457731.6694452858
10188	70.86007207810879	140.60538890339436	209150.27179066182	507745.44065313815
10203	71.2070294201374	89.11489131943323	211190.762982302	32083.730565793812
10219	160.56090323477983	88.83950310784392	204581.88892511488	0.0
10234	136.21459294773638	87.42047452596948	217912.34927727655	135.62808734407648
10249	73.48786924801767	133.40210519772023	228059.6387873881	86.5898140871711
10264	202.3113682854222	87.94298203465529	215217.80583394846	172.62542487043888
10279	78.47334032915532	89.07454548925162	211133.13421428297	87.42012645460665
10294	68.23439626000821	143.14560113880785	213755.1425563491	85.00567386599258
10309	0.0	102.16946356287227	20132.402625981988	170.85939959945156
10325	203.29323460310695	50.66952022463083	2147.8242866165797	128.13407619105186
10340	0.0	133.93508142197504	2671.2003240548074	128.18996797774918
10355	67.39060332853347	0.0	1344.4082822919822	0.0
10370	69.75394833609927	90.122315197438	218712.6710752532	170.3971667089127
10385	66.72874367967714	88.66251297809184	215453.74466348812	85.78731440603732
10400	78.93917957168073	175.79055867988617	116413.2045392127	169.96797868616878
10415	69.57998528692872	44.33335397406015	626.316526299715	132.81721977439707
10431	145.64531031437218	97.41683621712029	1609.897216562694	132.07536132400855
10446	121744.33224618282	52.67639275424648	5654.6899673223725	88.00611769266426
10461	156375.16078422632	206.33058270245792	245.27247907177082	90.86584524586797
10476	112618.1465646243	134.25542006202042	163.26364698568358	42.81705796274822
10491	205945.9675708847	87.94452835307456	235.09897246398032	85.47932058077305
10506	169666.09696267312	45.007895418088886	482.0819751525996	85.24749126660637
10521	198402.53045449703	132.47695860926527	0.0	170.58424580097198
10537	131583.42636840232	11991.72312220752	18251.89724158477	30858.520471877306
10552	317.43529922805726	59252.769549781806	68521.52296721985	40507.81474546286
10567	1108.146277025342	50498.20204600066	29571.62919925869	69937.9228938026
10582	354.0335851232009	95609.6481524032	45916.29775437814	59382.022313312074
10597	876.2344012022578	15267.530303665038	104150.63761570114	5671.613189787836
10613	22275.611950111073	268.28442088471724	279.1586884891615	146.53367962716612
10628	70.46698871998116	89.50783804938197	374.70544327843936	43.825837979465724
10643	375.53027892225424	174.75025215189905	170.3304398663994	128.27310227510054
10658	70.4009042749554	87.68606578689068	193.67271107468753	86.34610033035278
10673	587.4831747231447	133.28668348875829	332.38313683986667	85.16801590936258
10688	334.37237137947227	43.96783901096787	167.09796250529587	173.02912461731583
10703	515.8912149263173	131.46897544004025	345.62531210174785	45.56422683418728
10719	3386.5586585966867	146.59576039133594	363.5382777023315	311.63314871275793
10734	21084.68607794404	195.40350418925286	295.0026644134149	203.92685796352103
10749	1340.1753463768957	152.48414368940982	571.6989895999432	129.2479847833514
10764	3136.6427152442934	146.63303450390697	165.47164140976034	145.4452885372052
10779	21688.514313203777	230.70333241777496	374.0889373544231	102.73030838150531
10794	220.1844076052215	90.1458775934577	327.94462779343127	217.95064331009053
10809	349.57363871689887	240.55829366261605	166.02902339436113	88.45125490839592
10825	290.9503400716651	44.302270917799326	237.60358514965978	127.64643622380216
10840	15541.26885935506	111.85388462992385	260.66477897018194	285.48095979108473
10855	321805.9572080165	320206.7391928646	375415.87099278666	331220.1748112051
10870	386.4833183901571	2597.7464826314153	2484.153949957392	2200.0918916246856
10885	0.0	906790.3485892066	139254.53367111017	504356.35361890844
10900	143.63430211782455	732575.5357066505	28202.292118909278	462243.58018453384
10915	145.92545328805224	926810.8599948997	1874.3261596386885	494026.52190956374
10931	73.17569810647518	108015.58003007858	161343.15773952813	499021.0268385596
10946	157.57725807826034	150.41000359686558	179559.38229619156	156726.09886697723
10961	136.70570435232483	99.07965971827507	194879.73031962183	84.85965256313793
10976	0.0	89.54623613719828	193217.9676324071	141.79947436016053
10991	133.44959683609196	87.60813870342449	182210.46028950717	42.49057888045907
11006	159.54539818204938	189.45890262013302	191428.15391078524	132.23893576359842
11021	134.95019716783426	87.76762460340746	225319.1856813574	87.2211666678451
11037	0.0	466.4586575645767	202042.0000367179	175.87549436934293
11052	66.36349361104891	49.8013707815297	194817.10755808282	42.9436877772212
11067	0.0	272.87633774883113	192373.2023364953	88.4276862580236
11082	140.8660123194009	44.387073994348754	206012.8346415995	84.95493302847258
11097	135.9527094197273	133.16698800017124	218829.6765433888	128.63470052400604
11112	0.0	0.0	74062.61771928628	86.72522868813016
11128	72.84765113767236	183.78491987405346	3829.4436155336903	127.34647105941083
11143	138.43802575425244	94.12004943355917	90939.22450214971	127.72886520721949
11158	144.60773996315896	89.94275698009878	206190.5987963798	85.36145902496763
11173	96273.77076471741	184.9381862731278	1916.562392506185	42.84964730573818
11188	86192.55792470933	104.78242292278446	173.17574694871902	129.49774966017344
11203	96476.6265218387	104.11838160903193	241.0833285212517	95.21563170403242
11218	85869.43953840541	106.0161220156867	159.45017049668357	129.6114744855836
11234	122795.49600816664	145.369209592212	224.72257737003733	43.28037174717058
11249	60173.13267803975	46.17446831890382	223.02017810823395	129.27452002353965
11264	134252.7456958872	138.19538008167407	226.2441234337818	43.44634336936288
11279	64733.11160190968	47.12959931301884	149.9646649108641	180.98182534357534
11294	129700.55711617351	45.449496880918744	148.61373295760714	127.17118189305067
11309	73168.86045789244	40972.769302206034	49069.51392408014	57833.194550831024
11325	436.2590148150921	85431.41090567915	108296.23406677898	68292.05530469454
11340	1029.8690320172534	73247.70993310814	100709.43516160705	66971.45890932552
11355	3561.8384923672493	52825.80646070786	42105.60633687768	30049.574258429853
11370	49939.18914084715	561.5310520214774	1067.782164081484	316.6723750916775
11385	50696.52792965374	401.8213609656226	500.5702374517918	398.00746916740206
11400	0.0	243941.6008284791	268531.3179355137	313396.3265180444
11416	0.0	885932.7389992238	343762.65594552614	3168.4078134491806
11431	77.47066658532712	907005.530026026	92329.62082320082	488239.03866108577
11446	139.71004199358634	973152.7028227131	140505.22817350627	485980.381964573
11461	139.65737609957344	352236.6741122259	211081.6507157887	458889.46425050264
11476	136.4784371057432	121.4830373914726	206720.9211478883	503857.7462673187
11491	219.70485952109098	152.94161728501786	207412.2651793736	493635.51915793086
11506	0.0	46.060919628040864	201789.1147751426	19026.809120446
11522	67.46970855446533	248.70074110776187	225366.11253702448	129.14155753345693
11537	139.8130453736242	94.12785328887404	219452.38417697087	0.0
11552	75.27804283259437	144.23818302931264	218444.6805307719	129.37448827244805
11567	67.88539811144118	44.51561619678978	225639.31950575436	127.30960470804479
11582	0.0	46.128564562029204	201899.25036068002	42.852910079807046
11597	267.79193953799086	143.23204498560168	53091.738084276476	128.0662626206875
11612	0.0	93.38334071950055	248814.3720073291	43.00583844881505
11628	70.72236096844077	222.36855839788913	211908.01020404277	168.27460501445458
11643	137.608741313098	57.33741064438596	129335.9891974917	127.41880777702667
11658	38927.704779580235	135.84509003552142	33384.55498378277	171.6463368595764
11673	149477.61863565937	49.97864767193794	376.35128821616524	44.168093848046844
11688	104823.51995106619	44.47288786802906	80.30652059167623	85.43710038661956
11703	69288.89424973051	186.5234653931856	329.23945842444897	84.94736964447424
11718	115022.7798201004	88.23738298721611	255.98822507321836	130.67204764589667
11734	154726.0692350247	101.34056325785815	172.4548976364918	0.0
11749	151303.8004245055	93.25097153993323	254.23369353215674	84.5091165725235
11764	196210.6787144362	96.8589375415817	93.25011118217371	128.21483073019422
11779	166268.22694310042	106.40274078682064	238.3809371504467	172.34153127823026
11794	42707.25491063237	50109.21307275407	926.6906037126481	42.63927159219514
11810	512.9283370607765	72332.47417723232	47702.20662114672	57712.0236757956
11826	630.3533088212461	50687.308351288586	89394.3886113845	50040.74176793812
11841	433.73791087817403	50492.006911678785	89394.3886113845	43470.7484074771
11856	263.367644761079	2405.205535636856	12110.938499450376	1452.6197442340854
11871	22543.748488751145	378.2973518371582	3032.7513407458555	216.98482340566815
11886	4302.920996707678	147.1595726399403	353.2573638010025	105.81561384746804
11902	25823.983794042593	275.2372345123999	416.94067684238775	420.30669802166517
11917	41991.605816459654	439.87627707070675	442.6725877792388	320.1204107014695
11932	37731.928120055396	317067.5470888824	149020.79668239	295148.7317646368
11947	650.3621064071078	0.0	70027.93909830414	2481.022333349385
11962	0.0	4100.5598411555775	2815.256956407577	470593.85712676414
11977	75.1943131599063	875771.1430969624	158206.60218953973	468676.10923499695
11992	291.9196242887713	970248.4082723674	41811.18291107184	455463.4589615145
12008	0.0	908244.3017341759	190118.08218679906	478049.78148888453
12023	0.0	6041.05440408391	196702.8841684611	490068.0209450103
12038	220.87034605972934	137.31918202936652	215673.77328279504	44902.172474857325
12053	68.90548648305237	107.57678904692642	198897.23365656505	137.55518582202495
12068	138.18282279336825	218.97959848046304	199402.37068807086	192.86649894043802
12083	0.0	92.34895281423815	215995.62528531728	130.8335594274849
12098	73.71027838205919	183.17323180884122	227845.0670564219	43.00522538349033
12114	70.04898493115324	93.28605224821716	208091.29983177184	128.78940103413072
12129	67.73098564147949	89.28231738450937	222764.34716354017	85.65450954634696
12144	267.31192453026773	52.11014041678514	178942.03375936448	85.76909802687355
12159	72.13465314827859	137.71626289563721	20382.777621733247	126.7921801302815
12174	68.90220435261726	142.07520513085183	835.287012392655	0.0
12189	67.52655984386801	105.27129496857523	1592.9955296572439	186.72002781294287
12204	0.0	49.619258658271285	6609.802588692401	131.33814233341252
12220	150.54955762401224	153.71678980710917	219344.66372299788	42.82007696483284
12235	140.21065371146426	185.9237322206795	202947.53102942414	138.21079538315536
12250	0.0	0.0	164224.78820664115	89.81060459760948
12265	168443.04294188347	134.59171204961837	2179.810809511542	88.41136243343354
12280	29996.11222106889	91.57694278873504	305.4247007366084	42.39026592995972
12295	56426.43754211774	148.2780228992924	78.94847471614368	169.04141061935573
12310	34263.85062280816	89.82262954069301	415.6969175680075	48.842702018748966
12326	95437.20790687793	89.74301762796007	175.03780796155334	86.35523054314777
12341	129976.46476483444	102.52432533772662	323.63243082538247	86.69309015721083
12356	129677.57086834675	54.58648848007433	88.43804313652217	128.16635168799664
12371	57384.11690809904	49.35817938902881	159.98054713718594	94.25586421874351
12386	99932.75328867814	134.8105081138434	173.85283056646585	172.59935660781338
12401	87673.34500677724	87.61914343642071	233.88557019308212	46.42863301344216
12417	122138.35751564574	18310.696885754845	513.1359043974616	29327.767529345678
12432	311.68252255767584	6832.007567777037	645.4781403444707	4486.548153841495
12447	486.19001641869545	75678.5291690895	8206.276134134008	93060.38172128881
12462	496.9068300721469	67287.92557156146	49492.865468502976	54040.754373955766
12477	428.5201702039316	41786.85647593574	46999.71046899167	24440.494758838522
12492	176.5994823644683	446.9547026271	118222.0182963047	650.45071083094
12508	231.35614514607937	272.1343232113123	63962.91406608701	240.71101071322337
12523	20175.991600136796	250.93072102541103	1912.4895077151482	208.37120230704545
12538	149.69264798469843	100.8141011570394	278.8677745787613	128.33342588692904
12553	607.2773896758165	90.157028442882	260.1774482315965	47.42929631164763
12568	1363.1712617272883	135.48669901622458	487.5323613382131	144.20633792721202
12583	25852.960853696146	248.47601321719122	396.281544913277	217.08432447880506
12598	330.9325972953066	182.9610038605146	177.90779492429456	86.09950518906116
12614	815.7397127276565	181.07420854864642	175.2468159553129	96.68301364786923
12629	542.7029969547223	48.92339759543538	543.0429110428692	212.4765173250111
12644	535.7344462594716	0.0	89.27154844332021	42.599688991731966
12659	8841.977627473476	229.18896332286297	266.69264489226043	335.7060503601981
12674	48704.387768752116	397.1589842123725	615.6708929797355	113417.02433211141
12689	541424.328042469	332861.1638715598	345285.559755168	1934.6595894920827
12704	770.8492595956661	5387.0632784716045	1640.7440619034135	483649.17096537136
12720	0.0	869853.4660958323	92421.1167011965	505300.35523479234
12735	66.505586591959	946348.5972351494	219689.28515841233	466425.7558966116
12750	67.95355301264674	768470.3799752381	219734.22199382205	464899.339142433
12765	218.31387443142012	1326.48769756034	216309.69108543638	516126.7298089331
12780	132.04750158265233	0.0	215513.50502138704	62896.04630679195
12795	0.0	163.1974393986957	225186.28781896507	137.02763298674952
12810	267.67896227538586	177.76217659905552	225977.77585003537	44.80264869675972
12826	0.0	0.0	202671.88828124272	128.7499496672675
12841	195.85981165161823	90.24421684324741	213236.46030074602	44.61882873139344
12856	0.0	90.06502514728345	185076.22450487214	222.42579481071792
12871	0.0	44.79260661870707	53334.46136239618	174.96309148177505
12886	73.41685184346512	44.51772797152866	1649.1515633968404	84.71309117740951
12901	200.30076151013375	144.24343551663682	46305.29462230399	89.06219830594026
12916	67.33027717692778	53.607795776124114	228985.16752105136	44.931508400961754
12932	65.15593912207056	216.45070514155552	234087.8159595543	43.41833568092436
12947	51192.68733638793	44.68137545539997	67203.30850498973	170.0787184967287
12962	195259.56140129923	192.4859857510403	162.81165684640408	137.0379720645072
12977	193898.81693677665	45.07120254127309	330.70085652083156	87.32058328747749
12992	99020.43656839136	144.36338863000276	82.94933740592096	42.67622591363266
13007	214280.2772484025	49.40930368589703	357.48904106102884	140.88643049150704
13022	83502.78120902785	141.50854127686938	276.4605264923629	91.9564176991582
13038	119795.32960166475	145.30612949138973	281.8239263553684	43.49771939618047
13053	140820.60547511687	15986.966145776621	21800.641344949676	135.75767564501615
13068	317.28985735170545	44997.39501857466	57735.915690211834	36047.586334770625
13084	417.48407200469165	76266.74703312597	105101.47967008855	32959.945500492075
13099	1041.6511613604612	78986.69282890833	106037.85273887288	73729.11807330715
13114	25073.357275206414	15755.421696340665	10796.015744265836	64988.634447951656
13129	32367.751686248488	329.7185242146813	316.47389032691717	4974.8669711760895
13144	77226.92627723799	451.4471397170611	842.7696627386939	633.8536433790811
13159	306964.45839407435	328383.4828488532	349692.6292218376	323.1943938557804
13175	0.0	3684.779467571452	2751.622874012682	343921.0517599908
13190	0.0	872927.2169265788	145113.23034744413	4194.517486747862
13205	134.9057023549173	922530.4280178354	124405.24714556176	110991.29301595702
13220	202.95778911518397	898132.7081299048	211308.33235112092	301332.526926541
13235	69.33496536854655	43282.27045151759	220667.88931916177	438133.7144837961
13250	73.28370767489076	101.40883099384605	208197.14961717997	432561.3888740066
13265	131.7110887529701	91.69390998281538	209164.21951358375	173890.5066517701
13281	0.0	91.65410800945014	212257.46150362134	181.69850782180205
13296	201.15565366422294	87.93774737976491	230990.51897739814	44.20080962921027
13311	68.87257585148792	94.57958698665723	225316.23446308193	95.57521300206892
13326	65.68981039077043	90.67166971807369	216167.3178420801	86.32149460413493
13341	272.7545296098292	148.88909696605057	173325.29433727625	90.20026548226365
13356	0.0	139.713759749569	123307.0839165598	85.10069250233471
13371	209.19370038500054	108.75313965386711	110363.34128487678	138.4569458082318
13387	0.0	55.853224715539255	156091.56167547766	0.0
13402	201.08147247205954	90.1025791442208	158749.8657769143	142.4543147349777
13417	20989.12741493877	98.00433828151785	147266.32433625136	42.41205218173563
13432	105875.21690829277	133.29751983159687	229.30763227120042	136.01273058049844
13447	86711.13695790165	141.47640572751874	169.71546832576394	171.21600588179194
13462	172839.33740200844	92.55679916524328	82.58704441804439	45.616134275831286
13477	206667.31795016886	134.9975049700588	235.35554408311845	173.4574420385994
13493	171224.99066175378	89.81383228581399	249.43966370098292	44.9319222835591
13508	164636.57681043394	95.65906671044416	239.7699621171551	4038.573330003913
13523	39285.167843861025	65983.29810051425	71051.35660977423	74326.91922587284
13539	525.4468204756267	72312.25962304394	30707.810491900476	53228.402558009926
13554	317.13434308122845	67166.7503924974	70852.35575463017	70562.73916320334
13569	1540.0885372331832	37474.987981268656	121307.72533744274	17355.638294726014
13584	22513.575295690745	292.1276049442822	278.8609147582948	211.9316878478229
13600	29142.05312363993	267.49272077330386	484.2547365846392	554.8089394573076
13615	47056.30407688312	719.0359345084476	522.832119065919	254.54929604697972
13630	139880.92547692594	328914.18239725474	353641.1115894816	334096.9227268731
13645	0.0	2946.3390597661214	1932.5830723135964	3504.58629802987
13660	0.0	910750.7937786632	212541.2818216464	485355.8301989208
13675	73.18426297387573	952183.5372171846	7700.827923348515	458168.91407054325
13690	65.27759105893783	947336.2075124569	133727.28131350252	457085.9957741156
13706	132.57288977131248	74353.01987257249	214063.70457845816	463973.2008788143
13721	67.99098407528363	138.74950361542403	192708.4073372452	232926.1543893423
13736	147.80961205165832	102.82836387712508	206704.04200287518	43.441269632428885
13751	0.0	137.15355280722957	215798.91875865756	136.73067730729468
13766	133.52088056392037	87.88387992230244	210138.5191104085	193.09840689444914
13781	67.61683839187957	88.6972380458191	208755.00340409123	0.0
13796	0.0	139.2928915715916	210818.42942952784	172.1978671108
13812	132.8771560406685	47.6240238789143	203862.22868758877	85.36504119716585
13827	66.72281038524584	198.90358792293816	213805.82743252456	89.35600038347766
13842	138.71750950486398	52.56937437751796	240407.8482752798	606.5088987406343
13857	72.87408519133925	95.65532849520444	153392.31156740058	42.40722825695761
13872	132.76949344910682	176.6930142453499	2854.073550097035	42.79995728598907
13887	133.41287231072783	94.866603426449	1445.6253328035355	129.73082560077307
13902	132.98408906176687	133.56192659685854	164064.8521902779	92.09214822863228
13918	0.0	90.46018546703272	106776.28594640984	42.63361316274852
13933	131.4741697856225	88.39083956000395	1651.153983318508	216.34975318475625
13948	68.09742794847116	88.71495108369737	1531.3651277602462	86.27833666951396
13963	25174.762221240355	196.66230461861937	38488.12809985655	127.78676376671064
13978	74200.47986926991	104.17368635505437	151.54027449935674	44.739246155708095
13993	125160.3251363877	103.30268577820621	81.76141971230507	128.6346364779817
14008	145077.82342154346	132.53973435934165	156.6010227718111	132.68301583616528
14024	96405.64433600561	46.148973849322644	227.12413124442102	129.3123738324456
14039	105660.91451548533	131.3604273916036	150.7140245929733	86.29783623994328
14054	191347.13869714737	90.24850156791508	156.0868401106447	44.88888440299779
14069	210083.40146714804	46.372672154009344	227.30178456299006	177.7925025381893
14084	88922.01512720683	5693.68251546324	8250.063355039134	26084.64109820898
14100	422.1813596738875	86895.4283312884	111178.3512706384	65098.975044312814
14115	954.2109515890339	60989.5715444015	57830.10014316872	57775.161351212526
14130	756.7554368001784	75841.35249371275	75287.96348824083	65196.80089014336
14145	12155.565070212633	14649.118291003848	23172.898874032227	3429.0284131260214
14160	604.6891230475902	219.86180571600795	358.6547932836413	88.57453060671688
14175	67.155483767814	87.83425099150277	321.28787562963555	172.76176748037338
14191	3233.8760824288797	202.67985898721963	165.10819271503016	87.54596080065704
14206	73.66677886806428	104.59822621678002	253.77090739768	99.56550485721789
14221	21695.11508200807	177.36756183614955	432.50260583147406	89.85470946018584
14236	1240.88463955516	179.49834026155995	359.8235766366124	227.52015103399754
14251	70.93228280702606	142.8739784359932	343.88526816308496	181.13540321946144
14266	20297.153130322695	129.41584824085237	265.4888144662231	96.86378732831217
14281	23596.044866037828	460.5475691658072	481.2153560251091	267.5825957134366
14297	449396.0577322388	331675.44847545505	353896.6996768573	427.45592636987567
14312	259.47019934497774	4324.0729594882205	353896.6996768573	2314.8521510332357
14327	248.25589604213832	895455.3034501304	42434.93487772532	820189.4556119274
14342	66.71705917002633	920489.9797899302	11237.589727364368	497892.3491487106
14357	133.69112639129162	782348.101417079	204205.81566780937	443729.6896869622
14372	0.0	5471.140902305022	213276.87857931637	456743.1126260362
14387	0.0	45.6303039555531	208890.47539371188	494115.27969674487
14403	203.90039737310263	149.2648915264802	213335.19777843953	90624.63779623032
14418	0.0	161.0654112493666	220662.1639521234	132.97465480049607
14433	208.76919543080965	100.11597754986025	212763.62989313703	47.92667172856629
14448	211.1930202607624	0.0	199854.29825986142	128.72908440381286
14463	0.0	143.54207073995377	212960.87774543272	130.03973633896095
14478	200.3900054310914	139.67173717453144	201866.88668380064	129.59262559936846
14493	0.0	46.09335675626062	218213.94056301375	85.62093907197938
14508	71.54970691011287	223.1354908298934	215647.48142953851	42.88273525900673
14524	69.00422595808283	45.319329201560464	5526.562666837786	87.63026880472898
14539	135.6976277782023	165.77138669867534	151755.58731087958	87.50602545793168
14554	137.95592999964953	153.9672465352295	200043.12491399975	86.58523381825536
14569	0.0	180.347285847757	197404.37863526738	85.54847709962166
14584	163507.65754062508	0.0	9310.117775261477	142.20422405809165
14599	118804.31583078773	142.31387996770442	81.05914719626307	173.71853433240204
14615	32784.94288587634	50.94243372287601	386.3021306869341	87.20831117121503
14630	65012.350132386986	88.57791982910595	222.92173370417208	85.6646251528617
14645	37766.24615210821	131.8154377061175	148.58476330652832	173.30954471228645
14660	185811.9559681716	89.27300650533289	77.05923448083456	134.65348056681455
14675	198332.9899300981	132.9895610607555	168.01732899941504	0.0
14690	129848.28061191604	103.44916965664365	159.99378194071352	86.53866014736704
14705	129165.46461712272	53.16882535368204	297.6212568778172	640.8370102099982
14721	45381.77468827486	50469.825863715305	66223.36483210901	67205.37459035171
14736	926.2068577627557	61611.20078220208	81691.74787755408	56242.912869657404
14751	763.1344154181518	56642.11847788104	47051.9207349709	51227.165597395855
14766	779.0648245138954	60881.66237405967	38855.33016754402	42168.7176719855
14781	21743.482149584688	507.1070087771491	35820.90749536638	228.75550643118098
14797	2026.5014122213236	47.02474005308002	542.9183562188409	154.4427015147172
14812	25615.65335792385	405.3080249036104	447.2547044822015	172.49432269267737
14827	31579.075763031167	377.4403931023925	651.5372776392102	455.76186877697705
14842	46658.65681239843	295333.3949802213	278514.6714924893	307146.3666424773
14857	2175.743218137268	2119.2332872465254	1008.1127408043295	1733.6560173720354
14872	0.0	924617.234072539	299980.13209426956	481617.71713803563
14887	143.85132237367333	888886.132612007	79884.0698457554	471301.9988560879
14903	66.41905743608717	934045.595851321	205517.67444693885	480787.8930982677
14918	64.73837011892348	219284.3875712592	213276.0006919205	459803.9425309324
14933	0.0	48.84654656077735	208986.23464011145	435070.27838443726
14948	146.07030614838004	186.9212861739099	217364.08076295035	18305.607795894743
14963	65.86843472959008	88.44273409084417	214219.71478231816	220.32963806674815
14978	554.8383491439745	133.3566791483201	220971.82964479737	45.96240448459983
14993	66.01306838996709	51.85437756272033	207512.81084432328	131.55318595200777
15009	72.13236948838457	107.95842146674171	197602.86561486436	90.72794323125854
15024	132.19917826596648	134.87525400549174	200876.62632970538	220.90085845566352
15039	0.0	44.0090054705739	209147.34337121327	42.49719236216508
15054	68.5172939818818	176.12446943037213	114449.66332891968	89.51455829606391
15069	136.16991028660908	88.42476847604848	222882.61476748064	127.40609166224488
15084	130.78448785434477	185.97233595047146	238131.91622722324	43.262238417081534
15099	85098.64134128191	89.14098541453481	26675.42045034092	128.66617960751987
15115	192434.04600928325	178.82204734504222	262.2862836896628	88.15074257254601
15130	76416.37820810998	0.0	264.40561126112937	89.39415420092642
15145	118412.20655945996	161.426051106113	345.53201311916115	134.00889373982324
15160	99324.98473226458	164.15261654530653	149.97610492077655	43.51733720849734
15175	85257.79121584524	92.50344211989082	76.48026582029182	241.90085624463387
15190	172137.78910170554	148.43480418051593	149.90304880276324	52.461147579699755
15205	91004.77180989757	25692.21503726542	36315.489428086614	54035.464359018886
15221	637.3913182683941	90804.59804420292	112748.05917929485	73167.02785514898
15236	875.8013093335924	70790.92492714319	104050.4315602839	65448.11299971664
15251	7095.88610063225	45498.23928115591	46310.366306468	30998.869545214522
15267	15024.78223671719	107.54937719214708	192.4002384601906	287.74508799398313
15282	4583.519428521395	218.80104492008687	294.93424802899364	164.6886161966622
15297	24159.7236012847	354.12855332389006	278.6708965551853	153.08543356776238
15312	1262.0588325059414	54.289527896046636	403.45431306399405	44.17485077597201
15327	5372.527127924812	198.0001102587208	348.2053552861512	232.56321285741404
15342	47822.667316695166	358.4204769488424	708.2809320795536	10472.574689769117
15357	472649.4721367459	327647.2307179176	374564.5408567974	277087.1540995562
15373	0.0	2393.7532577373463	993.8281759409281	2256.1309573153408
15388	67.56983235105872	656052.9272133264	320309.2419118504	489829.22341585625
15403	0.0	877349.2330717914	42393.64743709918	482808.56306447316
15418	69.48016504645348	927297.2170590963	90216.42441666657	449382.49827213545
15433	73.81227833993734	483618.6353751794	206081.16408413742	473245.3010313638
15448	0.0	109.73136718824506	208500.2036404271	487556.2078661498
15463	270.4134431350976	157.8692689251993	210884.6460723759	52408.510092028824
15479	70.57333161816001	210.39412805117666	215023.06482594914	143.37479329434223
15494	76.10578132676426	134.73536850135773	211643.7908443832	92.07105605497956
15509	210.05776574268936	101.67823282495141	215495.5983439675	143.30178559246937
15524	0.0	94.127653390076	206944.38277854456	47.76842337304261
15539	149.60580025183037	93.2827530533541	193527.7617031815	93.52106368343345
15554	77.41136205211282	49.124506995859555	209170.65670120245	136.41120643048546
15569	70.83831293419003	188.12675652176142	136916.83379751784	43.370568480482326
15585	71.54723891551606	52.26834705132991	34256.77603996915	94.25528398126363
15600	143.06632389210165	111.75916514664888	240346.43261067942	176.15049669442698
15615	75.0916975637991	156.25506234350615	217732.71113718583	87.39928492937237
15630	70.66450093204156	45.92184173929039	191649.99371091777	194.90878890981898
15645	121720.20074286519	133.78882294460197	4586.580137288659	46.073851339151155
15660	174745.8625572922	94.40994264699519	450.82863754408436	174.45622834311797
15675	121612.62939750207	139.60183419606182	81.93655102278572	0.0
15691	158553.13752290793	132.77142537956593	327.101367816031	93.186638677679
15706	148598.59544554685	88.80893872976303	167.4669569733739	189.64887709200383
15721	139116.7017397971	0.0	262.0374695468042	46.05478255227208
15736	57638.88814885914	111.25133448641748	150.50128565750086	128.70894055246376
15751	115437.75393364787	14630.537699805858	20914.197152354624	84.94270944708028
15766	570.0478630978056	73130.09139992889	81537.34106697231	36251.9621135381
15782	1065.0132188894972	63910.86431303952	88521.10158968702	62944.091349615774
15797	886.099321969673	66042.06151642241	97812.44558432829	63634.48422262087
15812	32734.32369861439	8170.752750602318	3987.6678461977326	65085.63368549199
15827	28702.15578192897	408.4595038974844	498.4394350859336	482.75159040038005
15842	53184.83226572955	507.48540737107396	699.6854896414279	435.5821271300316
15857	344624.9510496503	305504.72419916786	353808.53024818393	40484.486536237295
15873	334.8167707232293	4070.7758642304507	1177.0585492514447	1008.2090188276441
15888	0.0	918765.4555307839	221519.6125624753	639348.9568277611
15903	134.24732712744736	907914.7817204825	114710.47345434764	492313.7328657775
15918	148.11741582334042	919086.9699036094	162739.60211613803	462311.5657170927
15933	0.0	33339.48645410408	208128.94606160338	457558.680195139
15948	0.0	89.96888325861656	209630.6939713523	474832.00277360406
15963	0.0	99.39906210811809	215525.01145894956	377751.10014240147
15979	0.0	161.51718271572142	205689.1474437115	8011.377143427869
15994	283.28615229249	131.51202395773026	233075.67963836138	133.8149087529676
16009	0.0	158.95465343208053	215276.6023607562	96.04578175958245
16024	133.81553426504135	104.09115404628217	217538.28437538372	179.8221087425947
16039	146.01257528744637	55.63813040100038	195166.8922946425	47.35210944414139
16054	0.0	156.9850970992539	260374.12148150246	91.42416233444587
16069	196.54570751391816	134.3200785799278	62432.53243528498	140.98683061185758
16085	0.0	93.29868245869875	2490.0806853086688	49.52780830886215
16100	73.79684988131747	49.09798608133569	731.583399300389	93.43630112946965
16115	201.5508587837219	136.00495108518285	66196.71083628823	200.9771564637311
16130	67.66998421188444	99.64377132509836	180910.0024095919	46.93952672269195
16145	15502.611542848168	96.96481175720692	149066.33633879284	90.57790988441556
16160	167236.37093657165	88.73559055563993	331.5099224835634	86.56817811873742
16175	64744.99826195877	159.0627090781275	85.71174066670238	85.76138763651252
16191	104552.63916087594	157.54060803204777	344.2152843028307	129.28464310560378
16206	113565.35321899729	115.73348013415932	156.4378481921833	189.58729596748947
16221	207198.34325143544	94.16246827449649	0.0	46.99994634318631
16236	152359.08884406448	91.00088549066335	149.34814413115382	96.38025624543428
16251	61262.207944919035	193.64643646538258	222.7844877682021	137.11966751030647
16266	65905.53057996756	44.78929337524343	149.19046455301344	97.79878887643106
16281	123919.24028608564	147.46285772657487	74.83583713103086	47.24232795506716
16297	55852.550149121394	26551.639531465742	35857.98761783023	45451.56062573346
16312	842.9605131467059	65836.71887353732	82761.43003650566	52920.41730744773
16327	1197.8129601425999	63510.49193112512	95330.74679425411	60674.45707632678
16342	1190.3817809195675	70803.90048031267	90642.3195871491	65593.86988575384
16357	24762.11819951366	7538.2532039226035	2615.057859811634	385.92601312972613
16373	43875.763183765404	645.5556909702905	519.2761073768139	430.2722680125945
16388	45241.54339831714	451.3487164439633	715.9321583346277	202546.10697186398
16403	579612.3796875479	346907.91204116493	342627.68125431327	822.0045034728013
16418	0.0	3920.9558514313217	2883.450308556408	903837.1575003705
16433	204.20190488174558	882636.2519856929	132433.7788636583	478971.9083939518
16448	66.77708594724535	947044.7635089102	1945.2812999036632	481728.690541038
16463	140.7381467520818	882128.2945822292	146024.01739375354	471861.0442535118
16479	0.0	11573.055520832058	218989.01312549703	501341.4646303631
16494	208.77198120525105	160.72969964684918	205375.38920462597	102614.24662893545
16509	0.0	98.34825361641124	198082.75519746979	94.69791241280734
16524	145.88118526026608	47.206917065158486	200625.36107225672	103.1680559244752
16539	65.28003876694478	108.06716168157756	220463.69024378093	143.94882781361696
16554	0.0	95.6693908311613	211380.57024270514	312.0690148182213
16570	195.187746188161	92.99477157917805	193143.96471680995	98.33708083791659
16585	0.0	47.25442137280013	196544.26033593598	47.409027703851464
16600	69.52178760406561	162.6679384771502	196669.55460475237	102.68653058111667
16615	139.27508892573417	96.99205216985196	126426.56185884573	96.91907110434026
16630	64.98670470055193	153.893799754302	936.8347459119279	146.53402685232462
16645	137.60940880648792	109.6457721103821	634.9660242142156	47.68284171002917
16660	64.29908826380968	109.01283133082092	1094.8888780495338	235.38543927620628
16676	0.0	151.66721190020442	733.2117085971684	97.53201016282662
16691	196.5843463075161	89.06145526118577	1139.6529654599726	43.3063565762341
16706	0.0	47.70276276394725	716.6107357804663	129.3649565163022
16721	133.54298610980624	142.00589597200045	986.2894867726368	86.25777109050192
16736	68.65646350819617	239.40592313746458	1295.0440362739562	139.7961003543483
16751	128.48757050558925	102.63481190834194	559.5235763457044	43.39087735081092
16766	141.2108979084436	0.0	185075.8313217029	129.93029055587948
16782	0.0	264.91906101621686	190763.0010316838	42.50155844488647
16797	261.758787624836	61.33131136063952	173467.550329371	187.68714200258256
16812	62079.525335221886	134.0967596390331	35544.80538238299	47.13890307074413
16827	78095.12608636313	50.96798430124763	149.26977586299182	145.55488207405898
16842	112758.12386332513	147.63933622199113	240.48776683224366	49.43834016890265
16857	166690.32647406295	96.26686435461045	81.54405224572866	196.65884692668914
16873	116413.26186928872	100.23692456861959	224.60804556188174	101.97565333597362
16888	182279.27807067672	133.60777266271413	223.97399398164822	148.42130885924678
16903	165552.96427201747	102.93803886299953	75.39143796149176	88.21410758877172
16918	158725.286372982	95.32636330056935	298.2483201594837	4878.260739265121
16933	36747.66862111009	77224.21144103569	96525.06330757888	81244.18845941329
16949	811.8982540409639	69978.710213993	64268.17017524857	63230.30097924545
16964	1213.0738535581156	83370.85816329213	93826.7020427685	73923.78825641838
16979	23541.474733591578	17104.125392382517	31875.101163089275	7055.197451937773
16994	15370.152084779738	244.94492789581417	282.2771546834707	409.65130886633875
17009	45318.9993640158	413.64821217494557	606.7731432304624	455.8222224544734
17024	44488.57543148843	206643.76399682043	213237.12663654008	340959.99671864044
17040	0.0	242.62838253789582	1579.7825325936078	3324.7027772293613
17055	135.58298644401134	1639635.9859869431	338865.86688143236	493107.6995447956
17070	67.38599644110073	909479.589664773	92939.34260607156	491204.4120498754
17085	207.8376240059361	936376.0405635247	198629.6282292021	451326.98276737187
17100	0.0	422759.79944774474	214344.2388807704	464611.16596827365
17115	67.2684121144982	0.0	216918.8971214933	495888.0903542702
17130	222.4310787691036	96.55388901223428	215893.4487645894	39777.890655918876
17146	66.32763141641858	94.71868512697517	244107.65422902792	132.057881930843
17161	0.0	134.97081787884235	221588.47316691955	103.69296586592682
17176	133.89790022045375	51.05291313801426	217087.989724289	56.965088828131556
17191	0.0	0.0	204105.93958271266	147.16130038183184
17206	206.9811304807663	227.5645136776194	227684.49879900663	93.43292319111526
17221	0.0	89.41966963604092	170774.2545538447	131.5511226825742
17237	132.6866474199295	88.92018304293975	197297.51421436178	87.19421586832031
17252	72.54540319960564	45.31574847921729	210464.88897805975	129.50291891149712
17267	162901.51715235563	195.1874740158394	13491.098552658557	134.70385274328757
17282	166884.74940628695	148.95389043610544	251.9191212145239	48.37645224034786
17297	205167.4315812365	0.0	156.63742940805852	184.8120516717434
17312	172759.7730033517	134.45948808711023	79.01683752424549	54.35821887105703
17327	111026.51432135327	90.31724834708497	153.04390202394686	108.7236722908169
17343	81733.07454160899	51.4015791661758	159.89906264770775	224.2666483794339
17358	94340.80769783811	28157.191220314515	159.89906264770775	0.0
17373	224.1638920598058	1215.7569390702993	666.7420361739397	32268.089677771477
17388	198.52129442086442	78305.64729482462	55562.42303331651	6579.481956296415
17403	782.902078433088	75753.08421522139	90663.34406267806	81551.60181912051
17418	952.1565338029714	53690.97201942994	165526.39311792038	73469.10016400738
17434	24410.67996873938	4283.032083155462	17387.84706273057	35370.13783284187
17449	66.9810942860879	154.71896906789394	80.13244332061149	479.12775864634665
17464	352.8973648448847	99.82309959635138	238.73116089731454	46.42254488730803
17479	405.1293082594872	93.34886460556649	325.5639407758415	54.94030381842982
17494	1337.2420776732824	92.69134623524732	416.24797547262165	151.74197498842142
17509	3227.0731129270885	166.77508464977143	332.463861849159	43.17120646756608
17524	20526.14563149242	319.2945521973073	367.8896233686805	382.96601320467886
17540	19922.58904023156	287.6742336273193	374.0640138471499	99.21874997043051
17555	46519.53355706297	94696.10606060036	104338.57665560636	376.3290634847805
