Tiempo	a9	a10	a11	a12
11	349.0013226334937	1355.4565172046423	882.2778108518571	2220.5563386911526
26	151.20475919168442	571826.4377537783	144508.7464908641	943.9466266886145
41	3259.3957043647765	733490.4125328278	148520.56896019288	314983.1548327219
56	108508.17842415959	446851.31041018397	105110.35620290757	296418.1140755614
71	74545.83506991045	181.32252114463597	136125.95393087654	712922.9957117072
87	0.0	91.63368974593467	110589.47814765574	164982.59567952502
102	70.93780456555076	98.15641213467345	159735.29491257176	42.87123967694119
117	105.76309534460306	44.320938515821474	206840.86615791093	127.22526679437607
132	11898.1342154257	88.87346001137979	215676.04487556292	85.75021874644794
147	157.1103414738178	92.71878294171765	136617.83201779873	171.56687865655869
162	68.91558156665414	210.26682491367683	136438.31498840742	42.838106789169835
178	2372.4789957828493	152.43986273706426	149856.8809150342	219.1816705897171
193	173360.89968612467	134.19739383024628	124461.11762978196	172.66604921529068
208	1025.9663824146241	0.0	229.84250919230283	85.5664504107926
223	212.24042429924012	177.91762655893342	148.87180766157806	127.98778026530519
238	94011.96894642514	45.39864598912187	75.8457390062511	42.52845531919971
253	73044.17689651852	179.03191514335572	226.9355537579907	134.1577051124023
268	194.7832999243401	44.04617709558923	75.05923458975275	42.87388660760131
284	502046.5101960097	131.8535961042624	225.32380118963312	129.9714263294544
299	106105.8989277184	417046.5164838795	112869.11131544987	24088.466563679816
314	68.96001746803522	573687.9002725099	106121.40952728485	308965.09054929717
329	272.64401999421887	858611.1207786232	37210.088297119146	318239.78291069967
344	121065.68593715668	299003.48539655854	93372.78570567851	306945.4815780371
359	0.0	175.8826244866103	99257.89046020912	840190.3994836442
375	145.5685495502129	44.1812959037628	661.4890154693276	80550.68744977415
390	76.89777954393067	132.73362817956135	97561.96755733623	235.7814098149538
405	75.60814624940045	96.3598724961467	91012.88509800898	42.19916413699277
420	0.0	131.83765880852937	139634.56018256771	86.18896928396076
435	5658.263268288821	132.3919060662389	159817.1333593509	171.75284094683826
450	359.7022980929911	0.0	193100.01728809305	85.29818643860519
466	70.44352050680668	205.28109612783416	157608.10355866107	84.56868536801078
481	0.0	45.31697232167702	113894.23846333497	85.59152809232474
496	5291.648288770001	131.7191616117954	230869.1894642068	212.16743472174275
511	0.0	92.74030458464287	158223.98451852944	86.54506477698683
526	61310.923022918825	88.7634294533264	75.22862110082991	42.715413521365264
541	679.1250397156924	90.91609616178089	149.18526945796796	86.94769019037486
556	177477.94081067728	101.14020010466687	300.9386268503591	85.76320586428047
572	99893.14288046837	89.32936440444551	153.5681404463947	128.77225894343107
587	715.1157745997189	133.16376402766912	150.77542350866833	85.76098240669816
602	986744.317722683	33427.24638811327	34100.217496867524	134.88548691680654
617	301.5755931798136	1230.4512370021641	1214.3160424682078	414962.2158832487
632	67.5238141136989	562613.040141241	129942.50525611719	308519.04268667416
647	0.0	806169.9479672424	136794.8898635786	300847.0650553607
663	112703.16896530152	335345.4434969368	141327.6766639701	813460.1536917728
678	72255.0363698101	180.57584457295016	75501.40252954414	93200.9515208331
693	0.0	90.53739709859714	142406.20535084684	0.0
708	0.0	48.509062900049614	158058.8246598831	129.82672257687895
723	27708.48946938562	47.2501647711033	336485.85918947635	43.734576847148126
738	5474.121341066658	144.64721745078452	319960.9907690679	170.41050523040815
753	224.31535040438177	54.80236980523914	67110.43194985871	85.96542549603619
769	0.0	162.9663240364194	11787.617967765333	86.01000435255467
784	67.33689153292217	135.17875686489512	141056.25183418236	86.78438017189502
799	100038.40010680407	95.78701245877892	140788.54127252527	128.32096219955943
814	78261.16936190605	131.8467597328266	231.29537015866487	129.3039061245555
829	390.0755825716909	144.02599886203186	224.12400878938382	85.56662398427724
844	179355.8248657774	87.04074432732537	74.18010358931497	86.00410852883012
860	141429.89158977932	142.0340130183846	298.3280049328506	128.01284052993637
875	101163.83357912076	90.55807598580606	149.92418522405438	128.24753638432827
890	746.9070321685076	96.26398161241785	223.1296594402799	41914.01391706913
905	41443.32248491476	508148.41281482996	116642.69258184888	303708.85095208493
920	209.54427223172038	570905.8145272579	96889.2951892376	327346.7627472846
935	20270.942275238038	1018872.1121608111	60806.78867185326	324823.5055929489
950	211.67934082835913	196389.33753904497	141423.29483880935	868308.7950156599
966	0.0	88.53371183727867	73742.098299838	26077.82273170948
981	220.18744701482353	45.860256817261686	19369.971552210372	130.20273578597232
996	0.0	101.02241027131677	36076.681857436895	142.74093446766494
1011	6288.093179871215	163.84439571557567	214482.12817373237	128.61145693268628
1026	0.0	89.36632472097874	174240.70176227234	42.913512572092
1041	5617.100435945531	178.76128755321727	96055.47652083529	127.73736945939716
1057	99.49460538108833	53.94040798693895	221428.9313054538	86.02122663468123
1072	73.7728757724166	191.78011344200002	134045.99649948147	42.7648480723938
1087	0.0	89.25522082354874	41778.43029125006	85.38735235007479
1102	134.61657928682862	132.23755878901574	92768.50027265259	85.7800877675414
1117	0.0	54.16048062340822	163032.07100722083	172.3817758604698
1132	88322.34304542832	222.86376349760687	75.3194935368793	85.3632029405795
1148	149467.73836410776	47.71319904532284	223.14848200314213	43.1961965096835
1163	184183.52473243576	156.92762287862598	301.29021141346544	172.1767380427383
1178	220.2610352070676	58.8363073994033	223.90177421774717	128.77139303132424
1193	272360.96395072906	135.36495658732485	150.34547849913127	2186.0558155798913
1209	0.0	734.0742346703075	484.85702384747566	241.63939894512296
1224	71.5816836975282	557901.4557675726	131279.56387667404	314492.28675466677
1239	140.58974536180497	622808.8950747871	182430.59907585738	330196.0781535214
1254	61442.88726569414	1234035.0796454542	215649.8592783153	342874.06685138546
1269	99174.19608691752	45899.678134799615	44568.113293103015	901467.0058210068
1284	34656.00478169143	243.9184021006152	671.3371082464605	7423.7991362260655
1300	73.19234476670623	51.4151219601091	408.27272532403003	0.0
1315	0.0	48.30152088556904	857.5603296260816	129.870326655861
1330	0.0	0.0	37884.900116310884	43.6067217152426
1345	142.5504217930138	207.41005704835058	52578.81031456501	184.7165816332586
1360	138.03582136705518	0.0	23407.662521534	89.03285029842519
1375	0.0	53.88083368100226	132265.14300528096	217.13801476866936
1390	0.0	49.863497120910324	17593.569984902126	128.44648368115537
1406	137.5762571773678	139.72713283741382	245.39322413051036	130.30573161039501
1421	70.93403507582843	134.80040101801046	609.93028393039	42.9404799416475
1436	0.0	149.37421564957592	416.5646085795015	85.28565178201534
1451	12511.408484300802	232.73945171386003	180205.86953631806	128.80810635005125
1466	68.74417851403355	0.0	51327.00633958565	128.3741994852852
1481	3722.3260519910837	134.09063670372126	181991.98479558105	128.78536874055862
1496	78.50069518300239	97.69894851179794	122540.99734236673	127.81933174427132
1512	14218.302608474394	135.75742074668872	157725.75008902609	43.54071340894327
1527	258.48033433280887	88.10003438729792	34921.3478986606	129.0220133565366
1542	92221.79416524047	100.92890951128676	225.28173266050874	86.79793200492858
1557	0.0	182.72248685494066	74.88233050826938	84.78017681915313
1572	101405.36979286325	0.0	305.44919704124334	43.25415750548243
1587	110006.80666717883	176.5969115000032	74.45941950857639	129.13091323971747
1602	0.0	0.0	160.21705389261246	142.22066466379445
1618	141776.10224706057	397667.7086610152	111788.6500266534	15930.756343873216
1633	144.65576544590294	589991.8751839512	97651.78525167238	323716.10439373733
1648	21304.10814519564	942631.3878047689	135590.7752069403	418379.78594373394
1663	0.0	339098.5856959991	154139.27623992987	453944.3994234259
1678	30973.17046646357	173.384552576649	131761.43247387584	747804.2647342237
1693	136.15024462134576	95.72375134508125	117872.51213122287	33788.871191070255
1709	69.12793722033501	96.44833586395718	132914.20961761652	144.0151758936653
1724	110.31288774043321	44.44104736112058	381183.9847338488	0.0
1739	156.0453899216652	100.52291755978949	117745.16731333507	169.75553599493577
1754	0.0	225.4603132881224	155534.20335337328	84.95414425400085
1769	15981.845339893334	0.0	258801.087240822	128.18041467167436
1784	173457.8312332438	132.99306242264808	21131.29520176876	42.870318884910084
1799	649.9713499373943	204.87698022425175	75.27844788432121	127.52859840593766
1815	156821.04701957625	92.26749673485756	226.26605326240417	128.31590986026453
1830	0.0	95.48254381873645	149.5943690419104	43.08710875660181
1845	130194.69613152368	85.88953449929133	0.0	128.11968370192218
1860	645560.7543141673	26181.54233571713	26647.734968271903	51346.13975129709
1875	0.0	1177.2400783625244	660.3990071715508	479.5329521136172
1890	0.0	577337.310730449	110024.07583158971	328180.5802966523
1905	0.0	466760.3576413272	91391.37897655237	508903.72875609674
1921	145584.95401217937	933164.5262958567	12622.083625977633	660931.2267907615
1936	75464.60293878127	25617.634742661558	1595.6225804574788	142342.61521254072
1951	71.81441583193839	107.01590253435076	81309.90495436164	0.0
1966	5923.487113677803	221.5836342781782	92092.67612031825	131.89930366002022
1981	0.0	101.95018021953292	66901.10862970601	87.23858114301227
1996	205.03981669306756	144.08486504747998	35034.70250734328	129.34464333060197
2012	69.0524910826236	89.35686071273871	52625.72225462145	43.05964753031731
2027	137.28532475366256	0.0	118574.06224703246	126.60947217057925
2042	0.0	238.65800101086495	12915.095332479064	128.91579053530936
2057	138.76953074932098	95.31562432933599	43884.597306538555	128.40980478775688
2072	5404.044044870138	179.24714583732188	157063.20869592277	130.57404735413846
2087	206.14789519652726	95.1099369719904	34036.00631613385	84.657372844778
2102	74.28171522231773	92.81260418869554	124034.52739159594	43.018558203466235
2118	7817.378419163651	95.81366383433343	162093.9375549897	177.25243387937545
2133	0.0	44.928851501038295	202535.93805858304	42.81871967002749
2148	20617.835505868232	197.04508295953275	107353.15420905958	126.97399243175984
2163	114150.28071206658	0.0	149.1901926981658	43.06084202192258
2178	0.0	241.55826793797314	301.5667350023985	213.8307129883906
2193	138991.39254086424	144.65773517489436	74.42832572534681	94.55190426694229
2208	200.40720977571328	52.69859354570508	254.87125475227833	42.5601532809902
2224	96388.62157680171	132.42028395563364	164.57766209237278	87.00177940041758
2239	103325.76368004984	160.50942230522634	322.50732315000147	128.30857736840846
2254	848016.7903793716	62796.48265475873	39033.5922627206	182512.4290531438
2269	137.51003257513045	544211.6639262037	118048.0759158492	354458.0019578885
2284	0.0	622253.0463560144	56505.8470390312	335512.87620257086
2300	57358.7133376193	1049895.214662677	82260.32008455103	575143.4128893864
2315	390.57167203724384	82225.20215168476	23901.418573104253	319817.9638167597
2330	3049.975457377434	135.8642117663333	8999.268123909833	87.69897366743535
2345	135.22144173145296	132.2014714077115	125383.27099994011	129.8688472253736
2361	147.08385285962373	43.74783313304186	17202.267138735486	43.04235918745398
2376	0.0	162.58589522112163	59175.68368683325	85.96275967894123
2391	133.27052806571126	43.99827879823744	812.9820949534418	85.54384896190837
2406	65.2823428788688	89.13803429797292	9353.142662690134	128.8386131713679
2421	76.01852802401409	88.19020674931816	40178.25249070152	129.41056351133622
2436	132.14176518671215	107.75261591978371	39655.61529134183	129.4898302364722
2452	200.09888097880872	132.54818429656328	23249.719310935532	87.19877268941141
2467	0.0	0.0	55738.94557677747	171.0386767295748
2482	227.17427485233173	141.687295560278	18716.218214138968	43.72587634531781
2497	0.0	181.68718673476948	17237.904763673094	0.0
2512	0.0	0.0	39167.51617615905	85.5163142312877
2527	66.53426279682667	89.02524048326536	8842.632276707516	129.56968137547375
2543	0.0	50.85279219672084	31374.2143126456	85.33447843474336
2558	181.6366610987205	196.78136624395847	217604.8314648329	221.72094700173474
2573	66.71626301575452	112.7051101558283	48278.75388918816	87.23902583452873
2589	83.94388540599495	143.85240969881414	186034.66700675662	43.588622910100966
2604	70.249331556689	89.96775970002636	88617.76983329753	147.96199118077755
2620	18062.79089592967	177.63830346912147	250972.75521039625	43.646361167570575
2635	108574.06682034879	142.92545436803252	16376.645472291391	85.74376676537096
2650	70715.6578760593	47.72488739565015	0.0	87.7190282876417
2665	111940.86266725778	132.1010487976391	299.1854825388081	171.9084096433036
2680	68906.25140175583	44.39827893546317	76.36257063731085	86.7194876754284
2695	132164.49390672726	94.47715847505256	384.45974386669695	128.92933125500565
2711	429.535083515523	371.0668767899182	534.0714770331979	44.83682595334947
2726	825.6635776588041	586.7942459060997	493.08576971758157	17058.7794964388
2741	0.0	570475.0929047633	112429.65460826286	483.86697080104614
2756	136.52574335667305	597940.0798083362	46229.05297660911	322776.6335088739
2771	92264.04441932496	1098671.5941184403	49539.744247721224	357283.6384917913
2786	0.0	1179.2571987296176	18339.412051395648	516833.3333591791
2801	6883.291753191571	51.89869125533383	23722.364894776005	459563.3977930313
2817	136.78556162428112	88.25284320716746	47577.76766632212	43.36324915152509
2832	0.0	134.25622040826826	45439.07630645906	173.42967957090588
2847	5821.660325359628	104.39956028180197	204218.72152921266	42.710237251147625
2862	203.14852737176233	223.38437480255962	19123.678432577995	85.77229212379083
2877	0.0	110.658371030204	1692.5422289371495	129.33603859394788
2892	76.50961519993842	89.09149951921776	111255.49418463722	130.4974934484763
2907	4503.038736723922	194.36370910540222	86417.5370329227	129.2751383531699
2923	65.67589626701083	47.077533537810666	46292.778149651895	87.0428087926656
2938	0.0	137.99166003478692	33880.65598482551	128.67622693162411
2953	5805.5373291701735	87.55807595029474	127373.2454853052	42.93335748106707
2968	0.0	177.1078089351952	24219.475267307826	169.74909780057146
2983	132.35928466128186	43.64265918060206	121748.97990554142	129.19911677168682
2998	0.0	131.86579015710856	22204.946541047022	0.0
3013	22882.590809167512	94.8896864133887	231455.61280385946	170.7517739546299
3029	3948.8017941498756	182.14014012249186	74795.92196299828	128.30035036532206
3044	119795.45881507873	0.0	12840.754617143079	43.20901462728623
3059	73193.24714245922	88.84681710558012	0.0	127.20793807382695
3074	91793.76395384312	87.81594409231097	373.9855311751831	129.00383558124304
3089	92142.86861708776	229.528456646041	153.21145810456017	0.0
3104	61969.15426022047	146.9227956221625	309.8384566038847	130.305949889794
3119	0.0	0.0	170.9609259442147	43.12072729181964
3135	0.0	47.89447849780787	265.86455252585006	89.12429551855661
3150	451240.297810173	194566.54189613808	57471.880758225016	249796.7483630218
3165	202.05270962775683	574183.9227790397	130107.00830367785	315867.06741936615
3180	277.4813495517522	651434.3126876261	81448.76731841444	367528.92186312773
3195	0.0	624628.4673925334	223164.1378797671	609152.6406376747
3210	0.0	179.39189292592928	36098.1121349425	249364.65676135538
3226	12319.658240981476	89.06028967611492	281475.5695712648	0.0
3241	138.72766443036497	95.57714141372591	55556.86601375729	130.40569227039816
3256	76.74666070385837	95.55207404425367	132788.35735351368	170.95611389068887
3271	136.04404834747314	133.79316924178508	96353.14890754981	129.4558201385848
3286	13412.305607187292	142.81833064958454	262033.73758591595	127.80223522600717
3301	0.0	92.4309225123655	106187.5829846573	86.23661977306008
3316	6168.9156601432705	88.61948962211609	194335.8058921818	127.61096899922936
3332	69267.47257173657	143.16015252037903	116832.02265878735	85.50439540170133
3347	0.0	44.78060328510124	298.86765786364674	84.76103245825507
3362	117110.32272688313	133.59789407962003	0.0	86.7353015192598
3377	333.0920175185613	101.16562482252716	371.2210236825049	86.25932927638293
3392	143595.74250137567	142.82755432125182	151.30985360325315	142.69796388759278
3407	389526.48150404455	1605.6783690594464	2442.343859579647	20955.680674415864
3422	772.272128240238	869.3629061956191	766.9203977421485	497.6024167060852
3438	134.83229604640977	562913.6198533741	169279.3245101893	344674.2615673071
3453	359.1165854226798	635059.3166361988	61546.30804190793	340961.05494797236
3468	102392.13243890431	1177710.5546997925	34339.02796197687	595091.6055876291
3483	72885.4649384141	8109.89693589693	1445.58567497693	321288.22064931586
3498	15465.818715425803	43.98293398246169	38719.21227880093	88.11363381758332
3513	146.39863974957726	189.91417616505177	38459.991356474166	219.21603132418824
3529	200.36359346844256	43.96737284195144	25879.470146672695	98.25559111752547
3544	0.0	248.9024576602271	59948.692993651275	44.007228333177046
3559	0.0	44.080262620858846	9356.830569368527	127.71050771588926
3574	216.33521432686598	87.67391176968813	69541.97007934944	85.84112506806851
3589	0.0	141.20311956698075	42618.1892629318	84.60140394464135
3605	5356.945764145851	47.17248696089256	104862.03302497935	85.67726922872477
3620	69.97736339084804	94.71973115226254	31298.772606136205	128.0723240554193
3635	33480.357834433766	181.58742017770186	685487.3820624166	172.0889042153023
3650	1678.1391163945198	46.272822592933665	23940.41303758528	42.64126981674228
3665	134.61463747791947	89.0278477971442	21921.72394856078	128.9681515245605
3680	0.0	94.94991998026147	86116.52726817595	174.43485266625882
3695	239.324584988323	285.58986025750636	81806.36596366858	43.21073024075944
3711	29294.127856407165	0.0	163894.73839999957	43.35445526833646
3726	0.0	183.48411504020913	163.05875800848008	133.75643594048918
3741	72967.74096110821	114.94795775019564	83.69139253355563	43.672852781498804
3756	153201.86877721504	151.27309282097966	315.15735836824405	173.0624649955891
3771	0.0	89.0136255311966	373.53948416456115	85.84681281591766
3786	79240.76460820308	51.487297754734755	74.17068282221909	85.5660257794708
3801	0.0	44.11210354131181	74.57823023107834	85.05684449263849
3817	2620.618335264735	5149.133528007567	4959.805867809932	74298.99408984238
3832	2090.5920230462916	542524.2961156096	117559.76811586347	323136.6190678746
3847	0.0	570967.3935942963	134979.07172591973	362312.5773733978
3862	10405.606348189338	649644.728977628	202448.0499257246	442456.4984297331
3877	175012.43509095968	599806.4564508401	128790.19015100854	835739.3822099268
3892	448.23287676528093	5441.878095315769	70356.9061166102	14643.483644752449
3908	69.60241679807194	98.89683891873807	129422.15172103644	131.56526474432553
3923	67.45576364151668	93.30813267827034	48357.05215009046	43.000503288377075
3938	203.86078941512852	94.96108787059784	186687.0474702806	172.02868406772615
3953	5269.544011678081	95.99454881501384	138804.63516149978	128.8111024707835
3968	3674.4165460356608	131.63731945804787	70732.13198686199	172.99056225383654
3983	7001.150349760694	47.15102024051361	200515.7754435306	86.83807865877635
3998	0.0	176.60291383467614	76659.45081376423	142.3177142128162
4014	94995.9464305133	52.00216546229552	76570.27616473436	85.19252646200358
4029	0.0	145.2453280738229	244.28014155222104	86.19230320586823
4044	206352.8662523237	154.86413908079265	81.65701082459185	84.8207237124443
4059	0.0	106.35720454408788	297.6788965358958	128.29456822587176
4074	168346.55299206873	143.9286390081234	149.84572856043465	0.0
4089	0.0	36197.085781395435	37006.338593013454	1423.0633746918663
4105	0.0	933.4290180240059	726.6030759035284	331767.06501384865
4120	220.34853583998978	456656.7378422557	134416.2343599311	314397.6153849721
4135	157027.3373442149	673235.591465123	217341.88213470572	344175.4072214473
4150	0.0	44.14991872352082	76728.38589931444	847234.6470127371
4166	360.46572067346426	179.85881901821122	143071.1272949365	71320.02158312837
4181	0.0	94.78161360383034	217224.41257252425	86.13328024825081
4196	13012.415883218795	46.91612743509468	98165.53435957179	85.23148504081182
4211	13475.167698130608	94.55281567752361	276973.202703006	85.86403966563753
4226	223.95518125735222	135.38746409009212	114772.26060390138	129.59999938141556
4241	34806.55006120324	88.99938844889402	212460.94231391564	84.07800749391318
4256	117003.43595790863	146.17575543086974	75.89500572908204	171.0380786985159
4272	124521.46918560409	44.15913539105561	374.4654665462673	128.21486427355092
4287	86138.76875444248	252.72082920745015	226.2675539293047	42.49099750197027
4302	59341.365289592744	44.796285308925434	77.25104224607348	88.13261091930792
4317	0.0	97.9273988289386	248.67444433651866	43.45315902407281
4333	592162.7028167009	45.12280537586659	258.69224230153486	223.89753705225885
4348	196024.5121739258	371422.3355982959	96194.355805571	8411.947874608859
4363	0.0	490567.79323315626	132015.19751988037	411865.91510866256
4378	66.97558365424163	592176.8700486117	197082.38275597573	367683.15451402427
4393	148153.2381847326	767757.5258835675	175768.92770527926	256026.6419604412
4408	100228.17288347482	15147.300503573733	145753.60965878842	726177.225943563
4424	134.29383411342278	97.56796825506724	141296.860965943	134230.93744583547
4439	162.69184240110218	133.73603549546095	228410.355593176	43.20505956581328
4454	5037.598199034082	48.383130577714184	166214.09595501644	219.74904597515706
4469	12615.805828859806	181.6613811071962	270761.75666246004	148.19363330382853
4484	0.0	98.64498975978233	59597.476855213565	43.76341114074457
4499	52543.12136880402	86.78709011022002	169970.0465502923	42.791606449824755
4514	0.0	135.8356990952231	225.66521994040815	172.73809862405062
4530	197340.45832551198	135.30715439777356	224.33910328012428	42.20927805697546
4545	186546.55873546694	47.82524624649435	149.67741530460304	128.16248809173703
4560	247.88660409396513	149.08330235002097	223.9247895619646	2768.2771105332304
4575	0.0	258.11399589981886	469.98336489964277	0.0
4590	322.85599482774734	531343.7036965422	128639.94072277888	316367.1903858769
4605	0.0	599322.385499549	116280.63680688234	334892.66506020323
4621	26717.82024419546	837339.262121759	122706.9384553075	433006.0296035764
4637	175965.72929384088	169220.1626267149	45815.39614030486	605847.5981020287
4652	15556.977032354474	224.18411295853556	151791.98509170447	87.65751079677604
4667	133.1913916915655	147.05420655974652	91543.68289744265	173.0074568241276
4682	68.6863158807531	222.87418932525907	152975.1174656211	87.42490688840859
4698	67.36403961595148	50.690605547893796	197456.73874862984	125.7805638985522
4713	22972.292950250485	97.92506393894553	204907.93703861933	42.52902055665851
4728	13734.136939586322	144.10471990054472	306552.80939569697	127.71037846952676
4744	134.5707583627291	44.480129223251716	145994.35886218818	84.63214080828241
4759	55642.74095554258	93.43440337084233	145644.25309905855	89.04247529387474
4774	208539.30667791617	152.31337991874665	296.378230920434	131.22033207489645
4789	103148.58794377804	94.94986264930107	226.70981299012902	85.24290203690529
4804	109430.87696645662	47.82134746984579	73.80709695712197	129.47677788086236
4820	131496.6273426819	143.91428084224464	149.6190848493576	42.876301757097245
4835	209071.08444134652	153.6127112531522	152.3537040646188	173.11336556317283
4850	584142.007639431	113401.38447256811	27577.61175213061	174846.6230470133
4865	68.50239046990872	554892.0081820473	39728.75294070489	329445.1001803546
4880	136.14132051011546	622250.318537562	49369.082848490776	340907.36952441157
4897	156424.6282478714	909773.9556549066	39623.52547348186	651525.9895689939
4912	103556.88593188762	43.91522593870759	15558.934099420901	287358.7055630759
4927	73.41178725038189	202.91585180085153	98482.13834648358	268.1804799769632
4942	0.0	47.32254971243441	16455.5394428532	85.09398711506277
4958	134.76812605376355	97.04801729727536	688.2762042122706	176.35217715807258
4973	214.55755565417	116.58710950051434	33387.285177828744	44.289399444796146
4988	67.58801185590215	199.64603508032857	18927.354001050895	135.36438892273696
5003	0.0	94.20958684854209	16452.422528181338	86.24230401074514
5019	200.89904581401495	133.70968898871448	5455.8112125706675	128.79462754540612
5034	69.59405400430317	94.55924336295575	14572.848626778421	85.67705403217114
5049	0.0	0.0	30213.76767654614	130.92851177081468
5065	200.76581476011313	142.61724888894707	25819.54008174181	85.2296872174088
5080	0.0	45.117734222654256	27582.5091506508	130.2854768618848
5095	142.53026146806778	133.81690926617011	9149.230759451391	85.94996936172247
5110	65.52881237626076	98.43992558449507	18895.956448284283	85.44581628318876
5125	67.2872711767489	89.07865097681992	15199.671826383099	42.562388434424065
5140	84.68369722254575	96.6602195848804	65252.20758775018	129.02666704945733
5156	345.24365140730515	141.37754981431178	11758.779936879104	128.14511471149976
5171	0.0	45.67756127987523	107755.53589648179	130.01540363658685
5186	5939.726616313271	142.24842948988078	38213.729474947446	84.35767577903346
5202	231.40602359918879	144.59496051741297	33668.36035321459	46.989338083961044
5217	0.0	0.0	27541.323211261955	213.8949591767043
5232	66.72127406224608	109.31564790009521	29814.00046036837	42.81451607742347
5247	5790.523445322756	263.0004900910892	122453.24430170619	126.55375415163115
5262	0.0	52.25707724422217	96296.08664107816	128.28549235358835
5277	69.52374988920987	132.49379661890677	102781.17573965355	85.42843201332725
5292	39422.19101010691	88.30266758054495	167358.22913396358	129.4433583212318
5308	183757.15158723353	102.59029577004723	224.17188394183296	42.70960027948022
5323	104427.79743912637	154.32914547398684	153.0562427809555	86.70957753684371
5338	180.81514824289363	134.74296467256266	226.59883303709327	86.74698054952547
5353	186.43236702116207	87.51148298176936	75.40856390353292	131.15874683550095
5368	78841.31995422015	132.51231298148633	221.15114775896075	127.42864438934717
5384	84905.68706665993	50.933065389767286	226.08563975280617	130.31954830760603
5399	1233168.0860863999	56524.73478680189	49043.295983336335	94.28690136079676
5414	488.9654999323748	1303.3148748700505	644.7587432418297	54771.761395923415
5429	68.30637311920523	572605.1310139913	123970.89333596131	965.1941927947104
5444	6124.870834529344	781794.5734631383	87402.74778144211	325504.83890140185
5460	0.0	399185.1971056581	35997.16453505048	810906.0159183376
5475	74007.16554625178	46.609129634313284	101738.32679186571	111319.1624069512
5491	74.41252289806492	186.52262085855008	12915.308878180822	132.06420113200787
5506	75.63211619272828	86.3744743284583	104088.0590176201	42.81424519225955
5521	0.0	90.56942479700781	6389.4686957849935	43.4184358917363
5536	0.0	0.0	5750.558510415559	42.717192712165414
5551	334.3313499893295	101.85470895995385	17643.376803825795	172.93891495071352
5566	0.0	285.5245702629676	46077.78718078606	175.21240745186805
5582	75.92478711079806	45.35793497003615	152876.93938081336	87.82120872437955
5597	5946.116357118488	94.7035129648447	160614.81993934757	127.89806056740693
5612	68.87441873751581	88.628537028227	70380.49037163242	127.77478346860036
5627	69.89157628176268	87.28209506451152	92588.01916885603	42.138390182387084
5643	5128.7402151155475	94.44643839776516	117713.15955837148	128.17556003673468
5658	134.65094866152853	89.71301957398653	75134.518561651	84.05834358028136
5673	198.3368674211204	187.60173982903362	13616.838922725618	128.51058940739372
5688	0.0	88.67059999510646	8994.059551398754	126.12671039594338
5703	48044.69116143591	94.48376662604511	249402.94068550732	86.87836582601071
5718	76825.77401039435	177.95086119100452	302.3877661407925	127.0575295353122
5734	181.25212900762446	158.81207652782555	148.8556858021021	0.0
5749	75290.72878508597	43.93758016765583	74.86973250292708	169.75113765114918
5764	75483.9081389165	44.18424645110965	300.3662177549489	43.7974799477309
5779	70942.34603609708	130.96727447052487	149.02363101893104	127.31673758251593
5794	115352.38591810127	89.89261519448831	296.7712192873098	141.64803342919797
5810	86570.98922413927	109.87291386812926	268.1393627442419	84.85314467584715
5825	0.0	54219.42219868116	29151.10891056329	121660.67894906663
5840	275.0256685165316	424261.6173789239	148638.08129230494	318414.55911333935
5856	5522.720673776865	629785.2421893639	172908.7752865584	356063.87048727163
5872	40707.83678797697	1237854.7517446992	100949.37049305656	454643.3193194512
5887	163828.65525609572	76643.03269713001	69147.67754142935	462381.2340579794
5903	7102.4630949906405	92.2012731116172	87220.0843140006	85.49235637634993
5918	136.1752446824312	88.16809758529067	121222.48188428115	174.2209646053426
5933	0.0	130.84405987821054	86480.1945672039	85.89998006693088
5949	11894.074670535936	96.48371777019463	219393.71968793392	129.9144466594979
5964	67.40713965962641	173.51761903738603	152413.6212098617	85.31951891710051
5979	73.61832072537392	176.90944452881814	217635.02018619774	43.148523114770654
5995	8142.16340045929	86.80625342667103	201937.5047528286	127.81841234975494
6010	140939.20794174093	134.17179298406	93247.17499641677	42.962759436266495
6026	199384.6769628668	223.4523078940809	152.38762112170457	84.47106558829546
6041	128530.65745024855	0.0	149.55225302780048	130.0495841916371
6056	195.9773781067459	133.6909644454345	223.3416938664671	85.8463908817526
6071	1397284.6233732365	55132.12825219506	51057.09040197194	130.28514336179944
6087	91.50879115521907	924.1546054818061	1105.6957711674274	486.55178572479633
6102	147.12186631560326	608954.3757964491	90306.26553036294	317366.9730806694
6118	15201.249586188198	922059.2760701687	99903.63208153828	307778.98706905864
6133	0.0	239532.13238766024	7231.194163827897	405804.34183078393
6148	33211.90665592253	136.3760879374668	82167.00913050942	796591.5848406388
6164	6001.603255739808	98.63267345814965	50551.81789898983	25857.07799114495
6179	0.0	176.52038491487502	31721.708117652997	134.92029547668994
6195	65.15643984527327	43.78721720540896	104805.03874366953	87.40539875748567
6210	337.7227785337251	174.56194869965316	51512.60149057795	128.35892659208736
6226	73.00094496756792	43.09969201237429	127285.6044503936	85.63148292744532
6241	0.0	94.63905713111163	71494.74293641234	173.91806090772153
6257	5647.777504167873	87.8850541711785	180588.1079016067	43.41220447692089
6272	5857.053114065342	132.10134520607068	186717.1180058703	87.65595454961993
6288	12110.451902906354	175.70582009255887	203748.65407277277	152.40227251634002
6303	81.93866007191595	44.044360409677026	169220.2152575947	43.445138256372886
6318	152032.4151634067	93.86803039312363	43117.90089509183	85.4370611988008
6334	192515.2081734721	87.16138816078194	246.1599539461685	128.44386381742078
6349	206274.9296444535	130.1266141532734	149.9325252079498	128.2195229463279
6364	184488.8291772973	86.83595524132252	299.71101451991126	43.72777805402875
6379	756.3303601996321	93.71880173385144	0.0	40242.19110615176
6395	60685.42359496825	470361.86791510956	137714.37200824823	320949.19922658755
6410	72.86703845910728	610279.1377477712	160251.15614386287	387598.44804845634
6426	34761.49041064526	993430.6486609475	207497.4759479275	650373.4895375291
6442	454.570925219059	253780.6942362605	152458.4930966792	407210.4984136665
6457	14534.336160681843	192.91229379234835	102971.8805301418	43.32267971970141
6473	71.5437694070395	44.874043271634726	124382.14385965817	170.93915529901162
6488	12256.717935844883	44.155622881427405	227602.59641983302	128.909622594472
6503	0.0	0.0	111344.95638167611	43.00789060379378
6518	207.36228415489194	177.78611185999588	147135.60841329265	171.92441063579173
6534	68.33741105385124	140.14624063690658	107006.24656360628	85.09614416612312
6549	14423.656800640714	44.23952480954118	287318.65799537074	128.42197551147547
6564	161513.10586796253	89.31932653591036	63349.23716505825	85.26021451205015
6579	627.72414891853	129.94664077511987	223.43538571455514	0.0
6594	74998.58408598648	44.01939567501191	74.87438208956738	170.02811906397343
6610	103180.06630259696	192.61926718652248	225.61593101293778	129.1180470853485
6625	58548.840773998476	44.11138099798933	225.3778974361718	85.61636267222464
6640	298992.04565583944	100.6790511609614	227.53725375195498	85.45857336927206
6655	2217.242001401726	3151.173326347229	4629.098650163743	23126.648943485183
6670	225.6690083456039	993.9525183714694	975.5219139559194	1199.6030436063465
6686	0.0	544138.9190006335	88498.52720262128	316154.0377668779
6701	31256.30612908788	1019819.4024743325	35347.46037824144	357244.67356365605
6717	0.0	148447.63911169593	87231.1050724588	509455.84485561156
6732	15045.536694449187	110.57354612343944	16701.87458622084	544418.1805281035
6748	225.9550273954868	51.02907954514958	31088.568319117723	87.41886702030897
6763	204.16453043036165	187.3722829222679	44444.434411561255	178.1737546245195
6778	76.50609293881338	44.607748589264226	29845.14635575891	87.43084527246654
6794	0.0	176.52498736083507	72698.0053486288	88.10152229860425
6809	135.97063866388052	87.79381502008997	14299.075171643124	128.84425624283497
6824	0.0	0.0	10192.694249858245	43.218428611913694
6839	211.30363472310358	221.57041095036547	100781.91739103533	127.65420612415765
6854	0.0	43.417178277275525	15973.582973659559	86.48568781284615
6870	138.4517296051234	43.66544455377385	40340.678726927144	86.12750022226945
6885	66.05670228267554	175.12922951811925	112186.55664923033	170.6706741926074
6900	23457.529196508414	43.888143694996835	190903.72498880952	86.55557664973661
6915	201.3311456783395	87.0205192963779	56485.630924582096	85.02206897884608
6931	67.38648301970679	88.40739960500039	31061.9597676657	130.91529177316
6947	67.99461071692407	130.2422886008257	28815.069317302106	85.2727480022516
6962	15294.854582404438	132.43447972702793	181058.08235079228	173.41545181464403
6977	0.0	0.0	16899.371647801592	42.678323322678914
6992	144.7961520920787	174.29114663030953	16961.809570290578	190.74761494636536
7007	0.0	95.84314437565394	77733.50369100808	42.6674059581384
7022	312.7638195037842	99.61736484210938	109623.4898726383	129.429112151186
7037	89713.27068825305	103.48935452848673	224.30807699114087	129.78806148451287
7053	84269.9972144413	97.88672335390933	74.64945220163558	0.0
7068	88440.61217454718	132.1974827608466	373.0550483438186	212.7510990619892
7083	407.3134777257219	89.10170815764927	74.79124014337548	86.31835223400034
7098	136060.1908141494	43.638134374516085	148.86593260572292	85.10501547958702
7114	0.0	109815.53282260809	41028.943671447094	183714.92892287447
7129	138.54736813142895	552941.5406215253	115693.2451773306	332344.0536355071
7144	229.60727212841155	636766.1058788572	128368.80224206377	402093.51322859165
7159	202.72672771938144	956808.2199669703	121830.3071508137	834992.9258475546
7174	0.0	181.59386677108705	134832.8187841973	109966.27505407334
7190	5511.693740034699	131.43648038210347	195386.0214791341	42.741303162374535
7205	157.0408246010542	87.88107329132035	141312.0522241586	86.70713186955079
7220	68.55684364154935	87.86773266004398	140769.14589012304	85.12835615426302
7235	11211.392738540173	133.47782752197236	100358.03827196121	128.79292873524597
7251	133.00000525191427	44.42082179139834	88265.1046137898	85.52874226222747
7267	3874.7598178356884	175.2347637045011	109940.00350915309	42.96915116565768
7282	168.0659375820961	88.24828638607636	13568.922834119125	85.63041798787191
7297	137.4849772639107	44.41912887311075	20986.90674730297	87.86615907620639
7312	0.0	185.72419655794278	24147.64998351339	86.16518093457445
7328	0.0	99.05172708072699	28923.846072928765	0.0
7343	68.89487015962601	52.2692631903477	235.0909696808271	214.43131897971034
7358	68.02463424038608	93.25759199116379	19240.518396963198	152.85824659243224
7374	67.76102402210236	44.51998248345684	25993.777531254793	43.482050086781385
7389	127.28227117175237	89.41470789620652	167215.27062778993	132.31006407536566
7405	155917.50990907144	131.00188426782375	7055.374886078342	179.62315836371855
7421	160417.8998482184	133.26029762363993	149.12397076186724	43.301128435134885
7436	191.90782382707113	132.01867618381976	223.61875219501556	128.50789939579087
7452	214313.71487608954	87.42607461255974	223.89301594750955	85.93374517151155
7467	1112118.7926515273	53393.171034442435	49184.15985117495	4952.896744613722
7482	145.94790605934338	930.8978017810732	689.7088142343611	979.1895776109956
7497	154.8209071869403	629547.9892424708	105996.76874243154	322626.63967713085
7513	24608.517698541433	1050246.1331685157	74794.05839218484	319620.068487524
7528	0.0	146333.50593598635	90069.90567678623	410844.47887932364
7543	21275.69724277973	177.29109106516466	74614.88412729825	761480.7756622117
7559	169.43775393873455	44.357534075267615	88674.69533653044	84.40498078004457
7574	71.68192719098181	173.4376087450795	9344.791841729642	43.10869498691987
7589	138.0616544923838	88.49333140455187	10688.666655915233	169.92418144477531
7605	66.04726129164919	49.222256639935075	92535.53140951319	141.27325942485126
7620	6164.067286027218	147.63672233149407	144327.0294662118	130.23874779039994
7636	200.2388138323277	50.08623152174056	115582.12449295227	43.36590025768615
7651	5516.3525851246895	51.925560020282866	116458.75547528516	129.49678215551654
7666	4583.456618743361	248.2963719139807	205487.49066402577	87.58216838106513
7682	23882.14426186968	90.35829080449417	402749.1805532868	218.92196230881382
7697	6909.269218707084	132.23380285288206	109933.54968131296	169.47673939749598
7712	108082.88627453792	144.48971162909177	3599.3435888704007	42.97731916375458
7727	104407.7089086461	132.81395852254238	224.85140902698038	130.0366804322228
7742	128478.18915241868	0.0	148.12595276358536	43.59961297190282
7758	27804.64518377622	134.37482574531344	148.79534912812522	171.10551999544725
7775	42508.792775667906	87.35426492235624	221.9671698635677	0.0
7790	28077.782270801512	132.92573229297994	223.07472282662988	170.51659266376868
7806	82955.10319255694	132.04835831330158	222.46669815177563	86.38221645519137
7821	41213.16052793026	88.75898143778555	74.7752513090009	129.82202660246753
7836	78979.64109250095	132.64252994294745	296.59531305845826	43.41765353451949
7851	825266.3830619002	108332.68646645128	42691.03746191147	177130.42409705147
7867	0.0	556815.8345991224	152586.56907890586	322298.60466841084
7882	182.33770483918488	674088.3329414196	226407.97698124833	350296.628041523
7898	0.0	1001262.6570677322	238800.12283116518	748932.6503748107
8005	37791.211240518096	43.884298804877325	201829.2785341874	42.65143987354823
8021	79899.5899597058	271.42037850195544	234.11139044833368	87.95942838569172
8036	187.7579541889485	43.7776974491775	74.95460069726221	215.60492641564923
8052	65282.584806872415	130.91088484969922	224.62615434028208	43.13148878442124
8068	65366.21360465596	44.47832184529863	223.5848016567528	127.69183378579561
8083	166862.01042802466	132.20579233020544	376.55087952758186	43.56181419300381
8098	0.0	22928.627844550832	24445.104913212283	85.62692509294487
8114	1622.4553872068414	1556.37769681192	478.28946088790894	54258.46454261692
8129	68.2990572020039	572642.2425767787	118406.31017821378	997.9100710075348
8144	19837.48167508208	1052640.5339519717	116278.3448773268	318248.1430570217
8159	0.0	246899.80488717637	98512.93587359355	392080.8117526972
8176	50764.62011100879	87.68724168198183	101872.30867175286	36982.52599217597
8191	71.34863010262605	89.5136203243956	86886.54004776033	143.72561153425835
8207	0.0	101.47649177123793	144060.23530122367	85.7456940237619
8222	5852.645032925964	214.9083337417245	133025.94088995174	129.09337893193123
8237	7957.009836730314	99.09250055150129	255733.09441357647	85.71825040271506
8253	3408.7016238743067	44.530797007367944	141308.78314837563	43.85687900770921
8268	0.0	179.13102438151836	141060.52121341077	214.67955441793893
8283	6071.644173608962	88.59726175804623	224305.45662306665	149.49243485318496
8299	16885.133388582228	88.04358711779118	189056.80773110638	130.32783137273043
8314	0.0	88.04136050309985	25116.369946430623	131.14638367976994
8330	67577.02757595868	94.84685078263283	375.4561046004994	87.13056581131183
8345	85684.6673870182	132.68601047658362	74.27871029675939	86.47868381503969
8362	140998.27607268613	44.60555074810982	150.12573044233025	86.02989096846431
8377	51123.8575944954	43.42796617543325	148.31152290391736	85.75751188320108
8392	81844.71722834244	218.28415285616646	148.98599709534085	127.86665904521942
8407	105453.18239045069	0.0	148.72151903575286	86.81976948788389
8422	0.0	27892.94507198773	18785.283463942284	95317.65282646178
8437	87.94268519480713	564121.7127660683	56728.158548732994	322047.7140323866
8453	219.9509302449133	642050.2005653974	42207.172398922514	324203.6639605813
8469	66550.94198438758	1362817.982863738	59086.7292910751	597328.3129652989
8484	0.0	11770.144733018318	9581.434687286328	412426.68804669264
8499	5212.726113338023	90.81770634904504	49884.73925449904	86.67733919525519
8515	0.0	182.93134679794312	14426.182232830975	130.65192395595835
8530	70.60854090422391	155.98132180273535	58779.81372088356	0.0
8545	0.0	105.73771704100072	103316.30319311723	187.90705449193717
8560	133.3147578016296	90.0149011577759	22204.99274359345	44.41207018065266
8576	4253.49496829778	0.0	113468.73357618839	136.2749456986785
8591	72.11296606622636	133.2477508270182	85398.37629806146	43.71767856952269
8606	5099.869293230316	49.31699212848209	66102.2119909641	129.98139100049156
8622	82.77960508304648	134.20843836642803	133761.00414442547	129.10899599455297
8638	132.58215978079477	89.60288481188938	46341.37908198536	171.01423233712092
8653	73.15379765432328	140.27593467502388	154991.85275643686	131.00612074881792
8668	130.5430825520167	87.99766603334807	299662.2784243493	0.0
8684	1239.9030522984267	88.07260646484792	60770.69980737887	215.71114040759858
8699	107469.66127537965	134.0723243412422	19492.771315326212	42.67646892145276
8714	236.25868318647147	87.7672081832029	74.82118552734144	129.29629119018094
8731	701.9462780839018	87.7888195342198	222.20037689611314	0.0
8746	173505.8735845432	219.63287332418838	299.00839489968496	213.31991010636557
8761	387372.3362603409	237.15095801591872	524.295862441673	17008.47467182517
8776	0.0	592.8784061855077	781.5579811451119	981.8528306600451
8791	309.94391912564635	562190.9635602318	110130.68501105148	299293.26871443616
8807	136.1297133588791	655563.3066717432	65861.39489819623	316479.7656374995
8824	92638.00309624671	823721.8318130313	40395.55018762937	738659.0394334553
8839	88348.7573074317	103.31998838647269	13544.018861534782	277051.7991558183
8854	3086.1443081097677	50.026282354802824	49573.54359494304	86.67722676792182
8869	67.73650368601083	243.08241923840248	23720.040618175957	171.88038412000984
8887	133.64959340818226	88.11112628508359	55183.70071312453	217.33441648329608
8902	0.0	88.04612794375979	112900.24421390651	43.230211626095695
8917	67.772860986921	43.89505489815026	92963.31980608283	173.26864715492354
8933	5090.421250812709	132.9959360747505	210909.97240125423	42.558664763839914
8948	0.0	220.48210775603076	171602.2187803905	86.05513920259662
8963	6112.9007956920195	44.073476188341154	165694.33509696042	128.371949429065
8978	0.0	87.59157409602776	112013.21835922038	127.64214779322502
8994	12178.465481587351	130.91490340150426	312795.92905352823	42.200270386138
9009	11977.82237731577	43.639675311669706	191088.45034946065	128.38076842103618
9024	53517.25884601408	179.53249777246268	12621.881568453191	132.90214530900118
9039	97903.73520231064	47.87453440204263	152.58144139861687	177.83791363136842
9054	104273.33234657996	89.62673503071069	77.59412050951272	128.485075965235
9070	84579.14592636109	177.92517636418341	150.79301283365115	128.51141368718817
9085	84954.38660243434	44.26519380614162	76.1628329566773	43.24673474075273
9101	619585.6591638218	174.06827263902872	344.8395129445195	85.790937256217
9116	75511.5468733549	457984.47234536754	99240.3870138106	27194.053043118565
9132	138.98626452670433	604240.0278874764	199013.336555653	339612.13727507985
9147	42261.33841539383	1155250.5319445345	135612.40056068773	319736.9437008107
9162	0.0	148444.8925668735	135237.18589522812	500700.5457358633
9178	21152.28503847188	96.46395011991262	79151.54178798347	664998.1291163184
9194	0.0	179.56018139461057	211746.93906568713	88.81387845145538
9209	5347.119424142736	44.18535836532712	140604.73765791216	87.83953252485954
9225	0.0	146.63042383285705	152073.5493668402	149.45538505019155
9240	66.74785841618198	89.14797534180805	152820.2679160934	173.98432362377645
9255	5709.632114614196	137.1011912470311	132387.41495358932	93.53150768941268
9270	228.84869948722422	0.0	130853.87586401751	85.52319623162039
9286	165037.7792496416	140.72782255098224	141447.19506051182	128.8766589850187
9301	0.0	181.53992066606878	152.43474242283963	86.84766149014234
9316	79486.03289304815	89.79222217627802	225.03066322897092	130.70918872038368
9331	220538.5769415882	44.8797898127418	149.02140185683965	86.00844981864094
9347	168485.54554258412	138.33347296639346	148.4664430228714	85.41458364971913
9362	0.0	28674.41640428498	32278.883356761933	134.11265225900803
9377	704.3092453646287	951.0353778292424	686.0584518103162	74319.61298737637
9392	150.57609841316938	593851.6300843487	118004.35057079323	315625.98675576044
9408	24251.876573101283	1133881.3176645143	77191.97390308256	344684.8806690741
9425	97483.19688652038	214088.15465805927	72211.41581188046	821100.4551804065
9440	51335.66679025569	105.16647276305594	114376.03467401656	104422.01359270961
9456	6376.726323934933	154.88381777331233	183479.8469092798	86.48209955186583
9471	0.0	146.6959681511298	76782.787506316	129.45102992277592
9486	135.80803329396994	147.43276435732844	101904.66822928218	132.32351936632767
9501	65.40757359337528	89.47851757921279	100756.77885242856	262.3591627671383
9517	153.9674103320297	141.8518133166153	114924.16914467499	86.39991210419684
9532	15483.304938533976	94.67415681684389	175089.38390863108	85.0981753193587
9547	9737.884114738106	105.31836114227772	38837.404484813036	128.82791473865043
9562	134.04815794331023	96.57169450699352	115359.35055765044	86.57487905469723
9578	4664.8204943823075	135.12802820648534	31281.620545776783	172.60971552342176
9593	6591.168775587083	51.955631356565284	154994.30226175918	43.058646918833254
9609	161582.37610917323	178.2495703106001	6558.273495586216	172.2998514158465
9624	184696.44210206	134.6202678412199	159.97120965912939	42.79759970633313
9639	229182.2348183035	0.0	74.42954292417504	86.44040345029906
9655	189116.17349928617	291.2286395072937	76.06248257160186	85.35945802445524
9670	0.0	33163.08146765609	20403.079290273414	105164.89154268132
9686	77.82838025100064	643989.951070622	152242.64593606128	324811.46482432215
9702	0.0	1334628.4120139421	144819.12948866273	314923.62751197413
9718	110707.81580382294	12848.91953570268	102153.94316634448	410807.7651968234
9734	10316.521674922127	191.74400798110292	29320.574641927305	611468.1904897154
9750	0.0	113.44782926872372	115820.18106516618	131.86943551748524
9765	5658.818998112381	53.86551136340946	200696.3573697884	43.29608751200139
9780	0.0	91.07684268071316	140393.3621262487	127.9040219313791
9795	198.88344439610836	87.79266677252016	144465.85550519254	85.75354508675635
9811	212.39985359987708	96.10361880660056	111091.61113945805	43.222829052461314
9826	5573.217905046176	145.32358220349064	210904.6538665367	84.90374669802375
9841	34512.842703392555	44.903451998317614	244981.40462641246	85.92818672480061
9856	0.0	135.91610787640326	230.17121719038116	128.88929955305065
9871	162028.81643134804	197.19988785497844	148.31026714411564	43.29184439200908
9886	68578.5801363155	45.71364860571921	149.54917059168218	170.58996268255635
9902	347.47246198392475	142.99845412791242	227.78572861034888	43.29390040453989
9917	243.70763319760562	88.14855627000333	233.73145419356416	42.75559914030135
9932	699757.1096550286	12642.86595419526	12877.642101454752	38771.87128868968
9947	1105.294532994395	903.21531938578	1483.1244613153117	977.2723582649511
9963	206.72113260677082	575468.2367797765	208530.72531722445	330244.5772973399
9978	9864.444672045709	876191.4743205206	144942.4700790125	354243.4511036206
9994	0.0	433619.6556377644	149481.6636903022	730339.9907447968
10010	136038.0296887539	146.65566205375828	320952.99156018393	183950.90275716875
10025	0.0	138.238433543751	177477.61664919747	131.60472129151225
10041	201.2254166176915	95.75981171026825	122450.02429141999	42.51261581944302
10056	145.2722635511495	154.6490901908325	109625.78254672675	171.47582730486988
10072	67.22208274345844	261.3190785963554	85625.02587348256	85.34632824629546
10087	67.44134911894798	0.0	76267.07946163673	221.97053528595717
10102	131.32965918316506	106.15828814916313	100401.73722285041	130.82127276554704
10118	120407.50143823386	135.7088297012821	217057.52624988556	87.86119575059973
10133	196423.39417192325	180.07047006526963	460.4341869199835	100.29000888311305
10151	146161.0226828069	146.32799127817154	149.02324222967027	43.32529628679156
10167	499893.281798563	45.32726061437279	228.76025612566622	87.50061561908574
10183	257058.0850650365	319185.7037395234	91732.3418946783	172.96882156636565
10198	201.84573555350303	598367.1391453637	190984.90883095746	359635.08278817165
10213	0.0	1048031.5565056952	137801.21012518037	330163.4770555702
10228	180034.3801188398	282718.93061596714	86937.8722842632	368358.34730247257
10243	40706.648626694085	190.93374037332833	183764.87791681325	1025872.7593564814
10259	12395.739098230004	0.0	243727.9524784963	17125.571875638907
10274	67.7788104355149	92.82786468557082	147769.83378434138	131.1233760102745
10289	434.3641957783699	144.0041786486702	95162.38356699952	129.8920984267071
10305	0.0	148.4028690011613	139019.09931934296	127.8632657416351
10320	135.79600091293455	180.52065990658477	118388.82882572048	133.42087791475933
10335	32877.951370368006	51.88086706260219	389527.5055707006	127.93530533276498
10351	163976.07286679506	105.23111677587032	17838.857188183592	85.98009868350812
10366	149647.4275398436	52.85406398758292	230.94331283583304	43.482934304066
10381	0.0	89.29583527103067	227.93047222538385	172.1753938353248
10396	55316.215552423986	92.7515211512614	226.02962904945014	44.20191503490787
10412	437.18344777688384	89.96775800734758	74.53221407532692	130.8991719555203
10427	97291.5627241516	46.798909151554106	150.1917023414187	42.844422471066935
10442	706832.7553183073	22071.356840644035	23803.967609739197	44269.300611422084
10457	0.0	785.205088198185	442.90178536705673	824.3736841076799
10473	155.1399126272276	572418.5224876743	133041.8873669191	331792.2556171981
10488	0.0	631793.5187067683	122028.48662100137	335809.0940810089
10504	103854.84201802875	771657.3323069136	147137.87703716755	824154.6192974596
10519	0.0	50.06736118545756	141004.3692675293	153550.87448464526
10535	0.0	244.5188317358494	103017.03645411834	43.298853241731415
10550	75.81070001071785	44.611818300187586	131102.26047437068	128.8330800672015
10565	3397.370941650048	102.58115584725515	224761.472871816	84.97726692658848
10580	7584.991480323374	91.34764192797243	177780.48945492686	171.24111320840194
10596	238.50643769860267	88.9640335097909	116291.09874621799	47.43876810073853
10611	14113.85568716065	144.26723191636148	275674.07956056384	127.51408030215651
10626	6567.234118983518	46.24182920135558	83796.24142738953	85.66098543296567
10641	29607.251392118073	149.26905981444753	263539.23136801267	127.35070159474387
10657	120515.11150987298	54.63467525062151	177.60989628876558	43.116447374057024
10672	159674.15719145446	53.161421247501856	158.00989998303353	169.18636161673814
10688	75028.65924667574	189.46780537147075	422.4986035100184	220.36975104678422
10704	163541.13739023687	132.07518035940362	161.31529395475053	128.1607478178106
10719	132219.59592970164	95.8567311557848	246.1080555202905	87.06693961045704
10734	879414.0994801446	94295.86484690005	30590.563957561615	169418.83121337296
10749	0.0	559306.9492182818	84216.45225304921	333773.7635212671
10765	136.11140132688917	641406.39687386	85786.78275660904	350793.9410494208
10780	89260.30154756767	872891.3833747308	32125.640140431376	806005.3248842059
10795	5088.795979672968	52854.10479221874	78484.60858111516	154907.66188210307
10810	138.0014452451095	176.74165559366347	114762.72421283442	87.9599785476178
10826	0.0	44.67754520779941	57147.97880345559	127.67893882267177
10841	155.98376086354256	94.57277736852876	886.1664219184777	86.1936380254291
10857	68.339769105725	209.3339174631238	54879.38477099979	170.59085201611742
10872	138.1980248361081	88.20575443777255	64182.708265185356	44.786545380316674
10887	72.63546808304731	44.22560748843476	11376.884355808794	128.5250098574767
10903	77.48430413872003	140.69995720759033	9201.507442575023	86.93763532656244
10918	68.95409453490748	146.12846728786826	50108.51529381307	87.30532503033056
10933	69.15555604821537	89.30154020056129	17154.97219172448	134.14168518522754
10948	68.46937477961183	152.4215477423463	51314.502153876914	0.0
10964	14435.360641204119	57.53204437726177	58010.7330429583	215.2698331783293
10979	67.76648735736963	101.92370551750996	53915.74903243572	87.61325160157867
10994	69.0067391355196	44.28612532151863	89755.953072716	86.70587574839593
11009	4732.134245478906	135.622978978646	58143.435762734625	42.55724589158781
11025	0.0	46.64180322243832	1403.1713568545879	42.43450727505144
11040	133.58160458092578	146.81772183179856	12818.439520489817	127.75627524349372
11055	0.0	88.10393140955829	84111.29400320727	42.20705521741882
11071	4877.192060898347	131.54855735376475	100331.78206125081	128.4222378657991
11086	154.66510243467985	97.89659702315926	142885.58405628227	0.0
11101	192581.59135534553	133.94252442981116	308.7074156820774	216.53427078202367
11116	203.73813424456864	95.24098052829504	77.50738894332666	86.2452342512738
11132	72154.73286920704	132.97982405181972	230.29967272281647	129.4327171435207
11147	59433.25272665438	0.0	154.5200630268082	97.76417889989912
11162	96905.95234159092	179.61808661872521	152.7750047474727	45.08504279481713
11177	197.18827883647754	44.0687568679126	239.17855502913704	85.13823630114086
11192	661233.5835145216	20459.85077758122	21298.839887851085	56408.17303322185
11207	471.2022990103578	214.98902283903212	895.6579772971385	924.9443065575324
11223	149.28415729008614	552990.2638048796	146402.23719921563	311747.93968188606
11239	86.31348332596943	515212.5696801037	124175.93675239968	341537.2728018603
11254	58143.96202847026	1337652.4622008393	198975.88630146594	519850.3837149531
11270	155437.48169857264	37949.324477167276	119143.85703459855	420025.2979803082
11285	206.70059672766365	246.23512352134568	118448.52703739733	222.5462840051623
11300	5228.378515412807	45.13833738025743	209653.21949313028	0.0
11315	5202.905815247055	47.461981125101445	196256.7289428201	97.76344634704292
11330	6246.4363774904605	188.4571185910888	193296.3221572109	45.880829581925646
11345	5652.857919373969	180.1298279735446	200709.87363454892	176.19259152095765
11361	5686.947360509634	88.70452420507557	202430.42312654143	43.697030192674134
11376	46756.65849828953	87.89485488058999	163688.40739570168	174.06190085347743
11391	72938.96044907093	87.28984573649242	150.06102211640217	127.79562606444117
11406	108037.1018858099	48.01461871165316	75.71826051635202	43.194885116387155
11421	77191.55129378889	145.0805048221629	74.85452912741806	129.57806745677254
11436	54619.79846055865	135.7737075266987	299.99687499988823	86.07068587362767
11452	136335.16490924358	0.0	151.41204027171247	128.47084319740532
11467	133837.0026037462	157.25033875498923	151.44725568588822	129.61126362039707
11482	0.0	112720.0018048431	33913.93580566997	180034.50859091355
11497	137.91147166893816	425720.5507798548	74342.07119159907	351119.5802230723
11512	78.90381694078445	650516.6236090474	101173.69291722224	397752.4853212057
11527	100651.62216110378	1038771.5170492821	192217.11998407287	817617.6054544679
11543	0.0	69033.89161401145	63384.6529894322	162829.81808413944
11558	147.11247903802433	90.14443218536675	77691.20149866164	89.06415641523898
11573	70.4083208198659	51.72055111392867	20425.197058660386	85.771695161378
11588	73.54725789302029	106.30887560740113	31956.0590129602	86.8354483242333
11603	68.1206483427342	95.19021361293271	18485.314545713303	85.44652822998353
11618	67.18419844195246	132.92235207967926	53220.38223552481	216.3940783645259
11633	206.722262290176	92.9523770541139	23187.59159554236	84.35532819330692
11649	72.46402517411393	183.5691190060973	10700.093697271794	128.35831476576627
11664	131.63011552914978	43.71029985945672	55574.72427203525	42.29403616346419
11679	65.7628908958286	96.5045862116944	37052.781705951405	85.79104247378186
11694	0.0	131.5380142279202	58271.63726049997	86.26338311433793
11709	5531.873335386068	44.030622886638156	33702.7568853325	128.75975958969443
11724	0.0	176.27500376785173	5791.581212837035	0.0
11739	137.57509742234834	44.6050162699353	21148.135953671113	170.9312493742071
11755	136.91809776183217	94.57671060381458	72019.17719658853	42.56127689096611
11770	72.87655619623605	182.76848054513334	40208.65984829338	128.84744994185866
11785	203.96211637269704	92.69504711208864	56395.78510055758	85.22205598927103
11800	71.41666525927373	88.79890755583533	14409.634414457081	187.79259951721878
11815	139.05119981646538	49.10391397708096	64914.58615683365	85.06668990324252
11830	138.90039388889446	178.39072033245117	1289.4972143688706	170.5464179244451
11845	0.0	88.97365124880336	23300.90748408862	0.0
11861	68.62480804912747	98.39212844967842	52132.17440581009	129.3619888270693
11876	48680.128795318196	102.9360910261795	273411.3203509758	127.08996251475065
11891	153656.4980264926	103.78340446472168	228.97065338195767	43.0617043428123
11906	185272.48725319197	177.2352082631737	148.7603183705639	85.48447233184241
11921	720.9384311844409	0.0	149.44890754594468	86.2045317555219
11936	127590.76345590247	131.73902795438187	153.2738931215182	85.50325741628185
11951	0.0	6550.815647030258	8815.086181160212	128.949989825855
11966	1948.9705696475878	1029.2420341135003	1197.9736980881542	29912.41874658212
11982	135.08838283061982	578574.1520402271	117066.34676683032	665.7191505576158
11997	75.37406555760651	626860.1818299305	102668.08956013605	317204.82591384614
12012	95401.91923118591	1190190.4233980821	250414.83133991717	436994.5372122967
12027	128351.1941700077	16793.70296994746	63109.075335313304	574286.2195241221
12042	0.0	44.430493293874896	86497.15056942402	255669.22105665682
12057	303.17226478748023	140.74686607109382	97378.90393661987	42.73693695127964
12072	5725.466634582169	145.78192903473973	184487.25044899574	134.86643501824233
12088	5279.869376528147	48.06282590123825	166353.94631713827	43.97943961179815
12103	294.19930516596884	130.17471778616311	141968.23285658789	216.4174502428854
12118	0.0	178.18280147606507	122671.26591752186	132.0223453066405
12133	67.86123531450518	136.71140541953503	112911.01369387866	0.0
12148	55865.01952947967	49.990550208929925	387503.737757596	88.30463054180146
12163	81801.4105374122	103.13160035043956	168.46057001504116	310.99251945789905
12178	69974.23730324737	157.6536544264946	238.99805418848993	0.0
12194	0.0	52.20551444217563	151.38403810888528	176.73547992289068
12209	182103.6949778022	139.90852252797225	74.62073914897628	42.9397920589149
12224	181442.6954954927	87.78424197720364	299.0278656764701	129.97738251192962
12239	631247.6712888957	201.52438046708704	149.89961803573183	42.39410075488966
12254	109850.67738466858	426706.6825002447	118707.42974235397	19800.200579488428
12269	283.881879952997	452741.644111765	137519.17303586865	400962.10114322003
12284	0.0	838910.0825454284	161329.2042079345	396766.8050677021
12300	0.0	530710.1812966417	228320.67747309405	582261.7062312977
12315	47585.45381309628	9148.079345488548	99710.86767498248	13697.84570623544
12330	233.89885067495518	89.26317322282121	203892.80834920026	86.33753954321146
12345	7640.2270229031	86.61486351259053	185351.52184467876	96.22342714218422
12360	74.05486111074686	89.27393421384505	133277.84119549373	86.25799542423337
12375	141.65310403585434	153.01183909031096	125724.43147079392	85.70745979696513
12391	145.16534986764194	46.525882197394964	122917.52863695324	244.38851502165198
12406	0.0	51.71178333284799	260142.44207115867	0.0
12421	168788.1158504405	148.14392689506525	58610.52058325462	127.96386749806814
12436	328.4153793495521	97.18746107161046	226.73616389147935	42.56448864750564
12451	209467.0720918228	135.35948286746162	245.73041283380707	86.63327582627535
12466	295.7806987385964	92.53495719182305	0.0	128.0594099574024
12481	642860.3728851778	13509.156579102802	17440.23761182328	39362.156137859434
12497	0.0	0.0	1013.3211467951536	490.04301385208964
12512	149.73426620192825	568868.5215642991	136626.8311537212	312150.8680701294
12527	420.83714791864156	663502.2706463101	127011.83855827601	419831.01371155685
12542	159006.5617516467	610184.385302446	119316.5471778959	797549.2755544914
12557	62473.28287010193	106.1652483117301	2793.891096251821	83740.43461102471
12572	71.55940998200794	159.21486309575846	104766.40773120872	86.36498465892859
12587	5066.1119029519	103.19915575928987	245017.1339055511	0.0
12603	71.86193049669265	154.63758379784412	33507.10654885378	128.35686229853889
12618	67.3810009341687	55.371249074265364	43153.20761071511	42.8202183572622
12633	132.69264145684429	98.1338368833717	93447.11843505758	127.74590017721056
12648	12960.066746708751	232.2759332552785	235550.582755562	84.97032089043408
12663	148.76853549613617	47.047519159275105	106137.62770935218	42.89022314946167
12678	67.4566509667132	91.7356681748759	27101.733887304526	171.4101248970069
12693	7343.374725881964	48.305125463828446	242947.50174700882	86.70035070114768
12709	0.0	50.225785947921686	60032.23660470807	129.29207409251947
12724	76.6209556400776	333.1584694499662	1970.746386977099	0.0
12739	78642.60403862993	45.7429966321215	124417.11134408135	129.68963443368673
12754	127656.93264564336	143.04191928707064	79.31189600519836	88.75965062608012
12769	83165.956324296	165.54320017520337	339.69624254018066	43.77795299604535
12784	70502.88466333765	107.42879364525899	261.4837434575055	272.3475087393634
12800	79869.16855563491	50.953024249970916	158.03213062882423	129.15372960942798
12815	195.02059057764708	143.0067883577384	223.29826873190234	171.29876153072343
12830	198252.3167793994	157.01127624718006	75.71687100996263	42.82947055057157
12845	0.0	188453.1988642211	59310.672203711416	247786.7390072095
12860	132.32357327101752	371395.7941371868	119442.00963951905	332804.05499066884
12875	132.1310123578459	543507.6949050289	80688.25628792428	377988.11369884404
12890	173.35665002411696	1034417.2061285592	213587.2851285559	520953.12839839526
12906	149850.72124164557	33955.820015868754	71550.59458561093	261079.183845584
12921	141.61093904972077	150.00666954098267	125194.53499902846	42.242161422730426
12936	68.2786549693346	96.35448686820455	100057.37331124872	172.72342543657868
12951	940.1930766501976	146.86593251044863	166414.59030283784	42.572808363148944
12966	12010.898469841182	46.10717657357454	211489.47615028566	128.73721117414533
12981	0.0	185.70946090672166	136467.13912336508	0.0
12997	71.66132728521713	100.48893428823911	111133.04167299566	235.58080387455414
13012	9145.209561507403	204.59948871877043	232814.20823251505	86.07571282747202
13027	81201.00498851089	91.15167211719789	199550.96082528715	130.504996782979
13042	177688.9126078393	100.92890951128676	228.1057046007458	84.690679186536
13057	94720.64826134383	149.76054076395928	163.2388268396817	85.97287667392753
13072	189.5003150595352	97.65667709348723	255.58835936263202	86.13630204658955
13087	38614.666922099095	50.7641491664527	321.6821388453245	86.37957199058495
13103	24144.653629926444	222.428026160039	151.55329368864187	127.82171811427921
13118	50917.82052667865	0.0	224.17482889518143	129.43201994909438
13133	78086.96955949029	190.76008576534687	148.8837621882558	42.643103761412206
13148	0.0	5101.619742442482	6650.266508131028	25712.17967477605
13163	1436.257973076813	680.2025602689804	891.4328862506151	1013.3251818999647
13178	211.11648449110797	542361.0304511321	118354.54809003849	307782.88995725854
13194	133.94860819836148	606025.6937645912	52620.21307683195	392189.50441995094
13209	56590.62062988281	1164321.6100461008	88695.35105821662	536173.4651014985
13224	129644.50055427551	80796.59727808893	12267.411912789348	422962.7389000521
13239	6807.756402630508	178.9467143701203	6707.884730132183	130.24669881158508
13254	68.025250518322	141.03884795158635	78739.05355594252	86.73138827879913
13269	209.91554993533526	142.48674237775617	59247.94895739004	129.04050184844994
13284	0.0	87.43912542157807	37883.54160596318	196.1595989963785
13300	5889.47508936217	44.29809066051152	36642.123737392736	87.04105909231119
13315	135.619935022071	43.625544344913216	11431.817478429975	131.60231776880568
13330	149.96251982606947	243.9339645724371	72675.78553169231	45.18534707210958
13345	205.83513116641433	89.7551416648645	32700.16740241416	42.13594755432568
13360	0.0	47.83352816528175	134540.0444235633	129.37644169488922
13375	68.4416375016095	154.30107182480862	20018.6894363818	84.1091368476674
13390	0.0	0.0	48592.621128938714	219.6963649901794
13406	6226.281961971521	300.55032935653816	149884.30666286376	128.43107512643562
13421	0.0	0.0	82882.3255493097	130.68160711468198
13436	72.49404624292627	90.3636507749278	137082.77810435154	42.317881419570185
13451	5424.317235792074	134.07124830172398	141468.59926049778	127.98671400770546
13466	58705.684046319984	97.24530514132232	263381.44486916106	85.33166635067202
13481	377.33972121426837	89.05072838753462	151.0705806299951	130.43420969769357
13496	398.9525543746073	182.18473039928824	223.41987796058413	43.163888264298436
13512	75885.03408538338	43.93515404252801	148.9622581833601	129.49211289459373
13527	196.15022176978178	145.88146221364383	148.62880085457115	42.42656062363647
13542	0.0	44.171817755196244	149.1726148590259	213.6790630496107
13557	177273.7725228152	89.12096121921203	223.14793830569832	42.54193603479769
13572	980490.4732077265	140.31235289358068	222.95915138902143	128.91080512713174
13587	124.41024844611995	580847.7203121512	142999.02567349435	68511.60515030232
13603	138.9604556746781	659682.1609107904	99747.47682061481	312836.46244501095
13618	238.8826691269502	1176896.307259775	190318.61565619675	391367.3652858321
13633	190849.42684625863	76986.00364456572	124864.66368063702	499840.0818053782
13648	220.22554301002995	133.17518342133613	190004.06913589686	494526.729971267
13663	0.0	193.9158373117447	101673.28316821919	173.50336303710938
13678	5372.125473882332	47.89991164846811	150420.60182486475	84.63625351907686
13693	142.9366197154764	155.59918585632462	139604.9957315283	129.87221557325216
13709	68.25789807630703	100.14028039647266	138315.3060609084	127.31657984163611
13724	142.85126426117495	49.40312702223659	111099.96287677764	170.0311234976165
13739	27310.590764758643	135.45559288962744	371812.3974696433	0.0
13754	268.8959748335369	132.1455661131302	18143.54235797104	170.97182214232163
13769	330.6922444288386	87.59298068009316	149.08034347325562	0.0
13784	199390.82707993587	143.69846973359586	224.60621171924748	127.33207879029214
13799	168591.6819924403	98.2069196449127	152.4586877395492	84.82643860473297
13815	866068.8022675323	19491.112397468452	21672.70667307608	85.44284058164806
13830	1280.1476047937572	697.5791816636547	922.6238188814185	47577.886249796604
13845	0.0	549761.2235594533	94572.65899400823	344290.73680657614
13860	215.2124268893944	619575.1960285646	69522.68492996694	356523.7224144924
13875	88209.63764987327	1355242.9212259534	97432.26644386184	612362.949660507
13890	0.0	5208.955121238614	48654.64199046578	255721.23555445916
13905	287.1656949687004	92.38392524443567	93124.31319777851	85.82268335460685
13921	69.7513061718829	182.3979470430687	51323.26028044115	87.93496805778705
13936	78.36173542380332	47.50859198279679	152395.0648935246	85.49502467364073
13951	295.6812539247237	175.25200490439312	83774.4124977825	127.74806816875935
13966	70.72276598822326	272.6224227024615	151850.9658775376	43.33113046884071
13981	133.56643850368448	134.7580091722682	50399.39983186414	352.6542812252418
13996	12775.100772380829	51.27074679544196	212269.37525262663	43.35591930905823
14011	0.0	54.90485782452859	61048.25784064386	128.73274577190634
14027	5560.785650783954	48.19780261191074	155269.59135233317	42.65894050698727
14042	0.0	177.81655204743146	300499.8470384748	173.0136732717231
14057	65006.544357551335	176.99093228954823	99076.01011628658	42.5727678954741
14072	199619.744019241	46.387614784827456	149.4531951927487	87.18499108416029
14087	204238.1034538292	43.7377452742029	225.94057462736964	86.3860568702314
14102	128557.40209651852	45.49583248252049	147.5359581763204	170.62227467583492
14117	77366.76862826585	139.3027960494161	226.30646489337084	42.75165617331862
14133	710.823979119435	176.465871155411	147.72727767080067	33808.66040245081
14148	69853.82937848271	461910.18994834257	42522.184192861765	325047.2824362479
14163	74.0294399933517	613184.1740601703	29270.085423741024	352275.33993146213
14178	107.95085433918983	1122443.9009365046	60255.93347109959	443283.70145343756
14193	101160.89884381247	144040.72959859238	72499.72366006611	767279.2755007303
14208	36425.66788340568	99.98510549783707	73290.34662089549	11826.56222217232
14223	72.2621613554284	186.47178756650538	76866.46320564763	131.46139816300013
14239	69.39772683015559	95.56095384508372	45044.44671649736	0.0
14254	82.89124972969293	44.76334350217134	70540.49641879689	131.6085940428078
14269	142.48778548378496	44.80503851519432	15722.265770661286	127.13346909129527
14284	67.72765349120367	133.627910756981	31742.710362563812	0.0
14299	66.05164262130856	95.951199679235	149876.31086046345	212.82483301828617
14314	6203.337927197688	168.8084595321631	43761.0259836535	43.150094899320976
14329	0.0	117.00889676228165	35275.43554288641	171.81743254065515
14345	152.4057317662239	89.64660162225366	55900.173313287705	43.07351807659492
14360	13317.654453894169	89.67156136915088	237098.0034572355	129.59023050617427
14375	0.0	133.68569671511648	60559.76970333427	129.2735927272914
14390	66.14859505349304	88.47123615461402	81241.43122676609	42.55727889753878
14405	72.49151934552938	89.53542163134553	86739.77595712134	258.9262325048446
14420	207.66801430748777	87.52817709476687	46711.836098434454	0.0
14435	4289.201507129669	135.93125128027518	11820.56336241553	85.89205955867655
14451	325.78296480808405	93.04647469372489	246264.01008501672	128.24892217389308
14466	199581.42226525448	43.97532963873819	153.30813263356686	42.70000393416733
14481	109216.51995313884	89.0816524775885	225.3103498104075	126.00367470729165
14496	50412.87573358747	132.79865347185174	0.0	86.28244938030839
14511	48190.66167388916	43.90173227395862	299.4579688418284	84.37267212569714
14526	154512.61822429788	176.78812068732455	148.74358295442536	44.26594968874473
14541	248424.9424755454	133.88985100245102	227.4876867502928	1569.881183891399
14557	0.0	243.75485415783245	242.61787019270938	967.7085057143122
14572	0.0	570202.2267020151	147762.18374692794	300196.042862144
14587	137.7433234463632	650891.0460884188	115185.64524385985	290430.06349992706
14602	55626.22228148219	1456662.6471668363	98548.23928664153	324455.06182028056
14617	111530.9668587021	29953.203231582567	119118.07926185388	843294.8489507264
14632	24952.095605654715	51.17282067007851	121970.7701438111	31949.526028636694
14647	207.48077400833833	89.95531153463759	81509.90284777062	216.08505754214713
14663	0.0	87.279226128757	154309.37749495034	41.88409020176157
14678	5917.902085204125	131.59853440202772	252111.8971715505	129.06502320164813
14693	5026.911998033523	44.06214244955219	217491.71913354026	85.31710351360962
14708	72.28593538010493	87.68299413733185	115785.76043313576	85.83923502415419
14723	23774.78448368255	87.32313997923397	321099.65756064106	84.30034508608281
14738	179.99709261722862	44.54867633588612	40274.24511912525	129.2094558494445
14753	69268.47675782615	183.8150170943886	0.0	0.0
14769	118598.88693689107	88.87453437149524	298.3890152871609	221.4690071109915
14784	62218.72570522032	224.04274817928672	75.72021785452962	84.61180606325156
14799	23870.50643403623	88.11129892759025	222.48491047116926	94.18504627393558
14814	57689.64333155005	0.0	159.48802033811808	85.32155263828113
14829	154581.6499687457	180.59179868789388	226.4491491976194	89.43491254280322
14844	70641.83748647376	113.14414302402176	173.01953094363213	107.06353240719996
14859	47811.45075752496	44.67345023743808	149.97964899223297	85.55128127485514
14875	336478.43730404443	195.2132195904851	227.90210667327048	87.69308216034435
14890	210071.39807078106	347770.8438774516	84326.81047148113	371010.15544535033
14905	0.0	591443.2491506434	127562.58819378079	315779.50702918984
14920	7298.908367400728	666680.9567888667	111047.26834899193	397687.6350993681
14935	110765.42079366565	432498.5874099341	232863.85423358387	786477.4039995193
14950	70.233139702864	88.38067701458931	252267.42257883324	63238.0146965146
14965	150.27703308658675	0.0	119223.95605519414	170.01589847803115
14981	0.0	176.24525575546548	159794.25825799	43.40716146246996
14996	139.62798702925443	49.60626738520339	122778.74318779152	137.74491070540623
15011	5492.7440523135665	177.1221528893709	152190.5808435987	130.17234895335974
15026	17961.526842787862	47.32569900304079	204430.1102209626	87.45546119148842
15041	166585.30536355602	186.59487776696682	17090.669471046927	89.28156586469152
15056	86055.86181945592	88.1588577412907	152.73663078588433	128.1670843194332
15071	127563.92867822885	48.43376662094146	152.73209515021182	84.87386730015278
15087	89267.62039063872	89.0917686468456	226.69623476078735	191.41845427706838
15102	123656.958816816	91.97276183965616	74.77091985440347	0.0
15117	98750.84398300647	89.76274383217097	0.0	89.80443695522845
15132	740.7808399139159	17859.709416981044	21996.678538867534	87.26486709943042
15147	449.66888655579186	907.4528820840222	243.3750678116828	46544.90590173155
15162	0.0	560895.3662369365	120468.56370433248	701.4236776454653
15177	5801.968856647025	846201.335089964	51636.43327434481	305590.58738494525
15193	98915.78612866625	423003.5418560906	81767.70554482563	307151.7399813536
15208	93229.61315058584	89.95353286751546	113301.49722863398	509663.0511776343
15223	0.0	44.03930170880165	20652.65229264731	320450.7707689481
15238	67.17533122658729	132.366457051998	125621.66088655496	84.9002454458736
15253	142.54694667451085	132.7475337542966	100517.95723451333	86.29573621898889
15268	6149.29220084399	44.084218100458386	44853.093003935355	42.9765967771411
15283	77.95470076745842	88.32446586691775	169270.30945606637	86.50917588314041
15299	33615.26740530995	243.59408722214866	376488.0598081425	131.53109968084843
15314	137.2249389063567	89.27379341552965	151050.86626415356	96.97987173814326
15329	141.43260671941565	145.1492181236157	91395.71830036749	170.18644714653493
15344	82522.59805018455	44.40340474337339	109103.11517413854	85.27394600090571
15359	56033.51307752809	93.9199605498556	305.60092100905257	86.49419840904883
15374	366.763322917223	132.27847337222659	225.01449706735553	128.39172430548817
15389	115752.99458560825	44.11723827943206	75.82785241711419	42.94341505292803
15404	198908.1903069991	51.63465660764836	240.07650363082533	55.342149760592726
15420	0.0	175.87215807544067	151.27672960820607	253.2912981663365
15435	940820.2879896641	59534.24960479375	31602.59162700409	130989.11280757116
15450	285.66038528084755	560422.7991169227	92561.14008560177	302291.1899160836
15465	0.0	632965.0050976794	64735.7579499724	345509.5153383913
15480	0.0	1193073.7544563878	65198.46451611283	610290.1636248095
15495	91476.7673853985	5558.442129778863	13764.792621196433	351309.81687520124
15510	6356.002251928062	87.85379391692578	11443.428379459305	92.84017004416324
15526	71.56732620120049	191.04036485381425	18664.110639174934	86.29783623994328
15541	209.82541720613838	45.84744773760438	43295.11449257986	173.40349152909593
15556	137.01591220404953	177.90050688788295	9450.62281764228	85.33252180716023
15571	72.57533385112882	89.68027108700946	43553.53371927096	88.66885312199592
15586	6042.6937486177685	135.77831244241912	60818.59688970562	130.291531393379
15601	69.21261744976044	44.257824192941186	68968.96215009692	86.25314474253915
15616	66.40256607174874	132.63744444864338	44716.33112504333	85.43272666166537
15632	134.06418686628342	143.08698856433853	13490.189660727257	89.41626422993839
15647	5651.855341572985	87.61717246547342	179393.74277890482	87.16554056143389
15662	66.87584694854915	88.94908706107176	25690.29678918243	133.9957818139717
15677	69.17284933285788	176.23938261980655	416.95724140040113	49.0454674756201
15692	132.99433228172362	88.57479800034315	24839.516916585668	149.76282578598708
15707	7407.610858268767	87.19793282856233	71391.71593024656	173.64082907840609
15722	221.87414462924005	86.89945025213063	25606.25577394769	87.00022484660148
15738	0.0	188.546312483754	44111.119753913226	0.0
15753	0.0	43.62839440091979	70868.73512984203	128.04707114066463
15768	0.0	132.68194140876645	29035.08457348585	127.67602414190769
15783	5423.006944768876	87.78320077955723	165357.77844496758	171.26359904233365
15798	18049.313628838063	43.50883706586901	242589.08046321457	42.932900932841
15813	181402.82301579544	133.55709192082287	12630.846937343831	174.0209087901376
15828	0.0	86.31157932776027	226.81085015981927	84.45404123532586
15844	71723.88252592228	144.36454273036682	150.27046947939323	88.04624587912113
15859	0.0	88.41169597059488	74.77739801722579	0.0
15874	78395.84311851421	88.1083880617004	225.0656840438582	168.76323190562428
15889	158256.91546582404	173.26846060764044	148.43618030140178	906.963074503839
15904	0.0	144.63045749161392	279.14351280361416	1463.5627073809505
15919	212.64503402709963	1692.378349055536	973.1942853884585	320008.24537111877
15934	0.0	619541.2546759032	142418.94290616288	332712.2256516695
15950	65432.75283789728	1284725.7920663739	149556.58816707134	413237.95250176557
15965	103480.84800991352	45432.535399778964	46270.28272698319	886651.2102380964
15980	20326.21970605731	276.40197505180726	79794.31918985187	3045.963037684001
15995	138.5027235759981	89.08300897836685	36624.46838469803	108.51873512062244
16010	73.27858093901537	96.87182229118422	119616.84595199184	48.33592719803564
16025	196.92625714797992	87.68215515453369	22071.514673988306	176.91095895560457
16040	68.67173927196302	86.93519035590812	85462.18283050522	87.21276926457882
16056	12644.340908715278	175.74987600384281	155360.50385216254	86.36581513965503
16071	143.3081071108114	89.35759965431876	136840.5279299497	43.593998741507534
16086	68.19673912424594	142.16341590343976	37994.42730356574	227.80131846927105
16101	0.0	175.36257123799996	100956.28606407583	128.2045332057774
16116	67.09854066956788	131.45283218845725	54051.55510376871	86.28456131287851
16131	22352.381093382835	43.924237778917885	343250.19785129186	85.70024704664945
16147	122464.89218114856	132.42642716243864	26497.482719405518	130.1529389945045
16162	110651.5223010063	86.74286829634569	304.4956359952688	83.8923886545375
16177	148546.82549575806	131.97014790020418	150.84820279399864	128.8202763966238
16192	0.0	43.79820245097857	75.50464612611104	127.75852639327292
16207	51786.617538851744	133.71005211389624	227.25067357923834	86.51144592680969
16222	70789.46578393789	87.66527421556412	224.63271908096038	84.3425596290268
16237	151777.29613737878	44.47746677712072	148.98171398271808	127.46956794003489
16252	812334.451531744	142930.45980766517	47743.61137009183	208727.82303297258
16268	66.99159646511077	538423.4661321443	124740.72912479044	304550.1172402274
16283	202.80688899859786	488061.97756326495	52761.76393260583	354770.3400585874
16298	84823.01664852057	986552.0490525179	157503.69699246064	682979.6850227166
16313	0.0	32042.534473826774	20872.789308356903	236053.21147740015
16328	202.7426108980179	45.22614675424062	140306.94762862148	147.77243616675028
16343	0.0	247.768316609622	95283.09722023508	88.84711360084825
16358	12248.298781204223	176.74425017483532	284958.74929504213	86.58121590880677
16374	74.6713600120321	134.10964092765468	136129.2285916806	129.23964635431767
16389	0.0	44.38099230380729	86486.20310386502	173.48925830025226
16404	65.81311615929008	87.39984073192812	126598.4363320979	85.26063083248214
16419	132.92859394594095	44.51652884153649	48300.681159623164	43.64587875962723
16434	5867.271258367495	131.41207357496023	163059.14777834696	42.93344188541174
16449	183.41016030818224	88.11528039679862	194898.79493543386	172.0398056310788
16464	105446.90203322472	88.01968065074645	223.5816255020024	85.11123457998038
16480	68956.4241743777	87.87894253498875	298.05458465544507	170.64576869934797
16495	0.0	88.45594523400068	150.02435359412803	85.82783251534217
16510	82357.3519031004	131.68505365849938	148.76613474935294	173.08780959213152
16525	177217.33964655432	177.2671465033293	225.46339973386378	43.047588505595925
16540	0.0	56.4381819975283	3108.7832413431024	20065.53709606547
16555	201.32206645131112	1440.407287523616	1267.2034787147772	1449.689401138024
16570	0.0	618315.6354480413	104965.86234432789	301124.33330907754
16586	131188.3039347806	995985.1550881362	274633.39553568384	361745.4710456319
16601	119371.0105935073	1436.4193398964403	90811.69488707729	658353.3208236096
16616	0.0	89.12375174545683	131808.34118621534	290192.49249012757
16631	69.56032128073275	89.06303926216438	42202.13313905692	135.37696058880073
16646	186.28571061462165	87.61358435823583	37804.61166009399	85.00444693262689
16661	238.1947753697634	220.43849186727311	140518.2218750938	128.10291050070896
16676	13248.569403664023	88.91880815388635	243128.22838912124	172.15676233768463
16692	140.07423074427993	44.04629651871044	34103.08739934033	132.51926043388434
16707	70.05680985828862	218.2939572557807	100744.4281930642	174.47331420311704
16722	75.76932769540697	87.2409805342555	34431.03286303133	42.93531302716117
16737	5856.050216250569	133.5362720668316	87717.90668848397	84.72273888864555
16752	147.02591028349474	89.7886485517025	20913.456290572532	46.43201999954879
16767	72.14924204468727	44.24502712160349	25204.68786036889	86.1009301591292
16782	6455.214156775177	175.29467995166777	40394.89484302569	129.0692020504363
16798	76459.19786421169	88.79962257203645	79179.33162934701	85.98410046190955
16813	178268.63561799133	88.47426769437268	75.5549832488969	93.23635797125287
16828	218260.73482864155	44.27957653265447	303.7883119595051	91.6917971393466
16843	0.0	132.143432713598	75.30483514398337	93.0383615539223
16858	255305.52094384193	0.0	149.11808954802342	43.42345954494551
16873	582429.6156936659	193480.37951065332	28432.34792272451	176.96686678925528
16888	73.57949428948574	556720.1151464896	67298.56244499848	258715.97324169864
16904	0.0	616764.7833944188	89011.31006272542	325565.432088557
16919	138976.05803395272	714283.9169867586	63119.4020188753	356190.5764092286
16934	73882.37217372179	183.57740441596135	354814.5273565464	802531.6558226666
16949	7831.802678743303	132.85526176992337	186575.75001990932	150766.99802276955
16964	78.19494495953433	0.0	33854.13435094892	43.38271505892277
16979	142.04618895202876	219.6776179189794	113643.39710822905	138.52368639752268
16994	139.64645404413343	43.97003156875726	75906.2633370227	43.658662572354075
17010	5386.595328685641	132.8305568117369	64291.41037037529	92.80851593191736
17025	0.0	43.8060143839661	61803.52339777132	140.05709033980963
17040	69.5442185414955	88.55164401823654	166260.60534357597	46.291330721029084
17055	5992.475367933512	217.17247644416054	61498.056247542765	128.52518711362035
17070	143.19300740540027	132.0942253031535	27535.653269577473	46.74908358104992
17085	17077.33877674391	43.89228363051079	270709.01318338	91.76904117249883
17100	9729.475823499337	88.01456145086325	20395.056242096525	86.68496748471632
17116	126282.05147538893	87.83410692930221	226.88682913692668	137.22352538555862
17131	181704.61042159528	131.77205986933316	148.9219522038102	43.54046900021378
17146	374.6414498851262	86.1358240717277	222.7888227876881	137.71432531848552
17161	83263.66066120201	132.26344490887598	148.4660898537282	145.64982579619624
17176	155426.21912415742	44.15388162136078	148.9748822791595	3640.3295028335137
17191	2061.661615382433	491.925844668746	485.2240905661229	527.3158610808849
17206	69.13261991042644	551941.5443083376	113715.033690386	303819.06532176974
17222	217.0041915187379	619896.9237431544	128911.65890899292	325720.92814807256
17237	57152.61504852295	1330705.0274441356	193652.8386704077	479598.7627743759
17252	128679.38177945191	29468.767981238663	202273.2654674513	580538.9458393008
17267	14300.185258272291	45.76615004009101	76890.32904629542	99.33919452890754
17282	12766.632579503059	227.57085534229407	256749.44481896493	331.9440878073871
17297	1381.043550073281	95.41156652401202	128731.4975512898	43.12331939452793
17312	10047.634047896861	224.4784244209528	316279.93862551387	173.5688146435842
17328	65.79468843765557	44.69682975956239	155528.46023375285	97.00783095345832
17343	6825.0266583405155	177.45124380178748	80932.40292407214	97.55906379967928
17358	0.0	88.66893318453803	130306.77596420384	94.95074764348567
17373	178965.8252809471	44.60061357545201	0.0	86.32880920698867
17388	73878.09387358086	132.04819156325888	449.40256656434394	42.09735025204718
17403	24726.32333223939	44.44695479021408	74.90816312819719	94.49202436300926
17418	27951.037367849585	88.08968057603575	150.0768332684785	100.90006039302796
17434	27696.9093105793	133.37385440271814	149.27945131381975	43.293345901370046
17449	187191.81409099777	130.74910330116748	296.43493223786356	169.34053349778057
17464	420436.8234840584	87.75025918341242	149.19004036939702	50.16073601482436
17479	317227.12550434587	242613.2001210936	85231.75865692334	316177.11009068973
17494	0.0	495523.6250872632	183440.714174537	322227.25566118216
17509	2076.3789684069156	698949.1893350718	64345.33677916014	350580.0839986109
17524	0.0	629443.9174069944	95531.63522735109	721133.6268626587
17540	59804.736810672286	228.69478281053713	40042.61853662068	126572.4284074773
17555	283.88340043535453	0.0	2841.8807670593255	93.29430036093109
17570	139.52230230554937	181.78900976298377	32798.09252910027	144.22607303738593
17585	0.0	87.46190699541941	18324.134227733	175.60024563219397
17600	67.79733956290875	44.53432298712898	69819.42519523985	43.044237477397544
17615	67.48943536803127	88.10504301466979	45261.88280087583	129.70864288109354
17630	69.23087036449462	89.04145931785926	67633.93694957836	91.72715404495597
17645	167.66621736586094	88.33693028151988	141309.1533481861	100.1053034247458
17661	8210.079086316322	176.6290910844505	70057.83085543603	170.21731897741557
17676	71.61929963886737	44.03185967307072	14932.801825289545	42.986827333886175
17691	13358.48035306096	131.75795156775044	375882.67043437884	85.62847647578455
17706	4712.575297561409	44.053060159124435	10976.324683630897	92.10928732278757
17721	66.54853672460654	176.89127764167264	43604.48083990574	149.5977836689353
17736	67.38003722786904	131.85161876647732	144935.98153845666	46.320325979217884
17752	194.047488183761	44.144729151334616	53228.3449502827	42.897119154431856
17767	22306.25655240012	88.79286985077896	12484.948038104922	86.52989857166074
17782	186996.36700015282	175.43705292373895	150.24499497053213	224.23907137552277
17797	114106.72383436064	0.0	222.05504115060901	164.48826570872683
17812	549.1779888515174	144.73329557991588	238.45448765088804	136.44030111537316
17827	53446.31805002318	43.754055534894576	74.1954227335006	86.5177631303575
17842	75393.8413278277	178.9566399388574	299.2688544148207	138.0190103421919
17858	109324.45900104522	87.1971546616964	0.0	139.47422785805537
17873	0.0	50376.77500030518	48478.338132679426	728.3917410607171
17888	531.4032934695483	1544.75260700325	2224.116006465554	242564.09295807083
17903	1875.7590647474722	596677.4245879353	84442.10330197634	289712.7515769003
17918	25260.757606698386	1061488.442944317	91651.66891830327	340514.8908454244
17933	115189.38364572772	168949.05872874492	112231.73657344394	801213.5493768947
17948	46872.603988380855	89.70098827435635	124560.0164352736	100888.86976210066
17964	147.31671754941345	177.42893776712938	87055.54982121992	44.06519953366835
17979	145.19144066102803	43.81104670483619	102163.93471949059	193.29175816241653
17994	5570.714107805015	0.0	257663.41172937155	90.92729723228142
18009	13411.831668674202	222.06561361111233	363394.98413113493	86.9174391633831
18024	265.1621906709671	44.106878997287716	54255.27845650649	92.07126619813033
18039	66.79219728281255	176.63443579096347	143689.8701058739	86.61516616381705
18054	55648.49592330605	0.0	266769.1662777496	144.60036678314208
18070	177563.1304647732	132.55685385318472	224.96514519900086	158.35731716014445
18085	145914.7389773917	132.25272820489482	0.0	97.75744367944077
18100	262878.9701033637	0.0	73.68200598499737	43.59326404452324
18115	135643.17866449017	131.5364153821953	298.8485742160678	137.2472171221068
18130	115743.50670514938	133.65443732909392	149.33575242192484	87.29400510233828
18145	441483.47194126813	138.37308599296955	305.7984566383995	97.03841080555692
18160	0.0	571607.3582700585	105402.44159131049	281355.20729597635
18176	8786.815147846937	718275.2971376609	100186.44458479495	311230.8180041239
18191	0.0	527002.3460101063	42227.969363868244	344130.5410000892
18206	54850.93577503549	88.56770153455436	27551.733013870664	808398.8742252403
18221	0.0	149.43429074947258	47354.00689572933	137988.36010569823
18236	228.3653993305564	89.2596200632304	87381.16200601181	174.40364732578396
18251	150.3014036027156	87.5477192984987	40939.74641733838	44.44208104983438
18266	199.05779511004687	44.21312050529755	62447.14916403312	89.8788258491084
18282	0.0	90.27558278331533	57383.141947638986	136.7036120757228
18297	197.08988377846777	179.51464730121197	104040.5028999102	139.44372677667997
18312	83.55264584161341	176.52919128872455	21203.994218572603	130.95627019029112
18327	1123.1059835953918	87.09298686984927	83692.87787810806	42.63209408336319
18342	12885.497888076305	0.0	228442.64235893806	97.71119450845755
18357	139.43471073403956	177.86319266451522	29824.953269996626	91.7269430496078
18372	0.0	175.57464963525533	147195.80479079427	99.94263955809176
18388	24570.643054785887	44.04206669413019	332159.1055262184	53.75514350074809
18403	39597.476546075995	96.53254759609699	9201.555358266196	142.84950597436634
18418	41083.68335482221	88.70037557698787	223.7708277804265	94.43396671704949
18433	31476.989433512135	133.2501624244731	149.89606050360015	188.49954115647822
18448	29031.23278856725	88.29006804877892	299.16094795603306	130.15917643278837
18463	0.0	43.78053847533185	0.0	0.0
18478	90946.47999353871	177.6712258443609	297.47934826910495	131.40420627663843
18493	189285.39139152766	130.7894922043383	224.82257880329155	47.60835934858769
18509	169174.22890789714	88.07614128177055	74.30349093177821	139.67443689271343
18524	1063928.3372743845	34770.76389666901	35692.960031229224	85.77948306495324
18539	579.5908208866417	618.012269055834	939.1982097986154	683.0866651966749
18554	0.0	459119.2982126255	88334.57425680876	346989.4535511528
18569	749.0164955276251	659310.6661956706	53295.07543254562	326244.37969529926
18584	141647.11903345585	782780.4205497293	156290.03688138493	349024.29174271686
18599	61191.63712849287	542.628961588	19079.767956233933	774163.9939699697
18615	0.0	133.5353434774652	50596.58769622823	111017.55804380949
18630	149.75942166209222	43.762531129913405	85330.07522150569	247.98381580749992
18645	5151.77363243103	130.00766300523654	105267.84613114373	0.0
18660	272.0487158462405	88.26804132051765	101848.30986722221	162.18629547659307
18675	5195.975916908085	131.1893008896243	192648.93393400026	99.69705683339387
18690	233.40921420161146	91.44486057220027	28772.91841288044	189.37150466740133
18705	66.74743213489651	94.94176869710907	51569.4731570708	105.1197381927073
18721	13156.45721905142	88.98071311840788	66495.80349137998	88.81805151261389
18736	0.0	45.03562820554711	328.65572975244373	87.16687463598326
18751	222.71259881481527	220.94271847486962	64642.567611236846	43.223393033700994
18766	4822.917895595404	179.86793505834416	53864.587166439145	138.41367808958051
18781	67.67211589105428	179.4206239124015	50230.96832434172	237.15954437153414
18796	0.0	89.26944936897605	26921.156347205422	46.69953857213259
18811	18155.15366260998	44.23249099816661	239934.49282960413	128.99484060438348
18827	256.756941716373	44.36920722757466	2569.037981593609	87.69991186745465
18842	184619.31573319063	134.8861303062318	75.07703897479456	87.98177183989435
18857	71530.73556799404	43.71024218799546	300.33858241116627	145.368934106729
18872	51622.671949442214	177.3165777573362	224.68356384666635	46.446547117978334
18887	68467.8376242754	0.0	75.13080210089683	128.07021712068467
18902	99714.33609867295	132.99376946713775	224.03491005599497	86.0272323176358
18917	654.0797707398236	88.13581154106186	299.88304663646966	28270.28887218088
18933	92557.00381312586	435386.5812911472	128753.98431506912	305347.7333617966
18948	4924.781784363557	460094.9999979681	272253.5702439235	295890.16234356526
18963	8555.621395393973	862409.3852546925	122048.00510533409	363053.8962449614
18978	0.0	364084.3729612408	103718.38821061254	878190.4022769297
18993	33700.520691227124	90.43499582413584	112547.14518719241	35983.3581801625
19008	137.08855982623993	145.0167417740822	167487.03498362435	133.760651174644
19023	93.82505680996924	92.36785115241074	201290.18698123074	50.54117295865435
19039	4493.222023882996	90.57903135084547	191668.0835479704	85.9853243008256
19054	69.88903070004658	218.7013869767543	107021.98153988243	221.98217570025008
19069	70.52062942738179	43.38345652446151	143023.9155309673	93.34742238521576
19084	63544.0397273474	184.8437505700439	210358.63202479482	0.0
19099	100409.44492355347	44.333521780329754	297.7373149075359	252.69590987518896
19114	44856.928412578935	136.78722777677234	151.47949582083152	44.0525265304232
19129	39617.51679528132	43.82775495378766	149.58223646982572	132.23978736232036
19144	53551.99082174182	133.60380271160042	148.68790040748195	0.0
19160	43002.71401890759	43.51591871935408	74.49349993553943	170.1172818948515
19175	183917.6026700891	93.33619301014579	296.09227839410306	84.98121696680784
19190	0.0	174.88091070961207	0.0	0.0
19205	821435.0694737363	20581.699292591886	21745.830628625667	53023.056452005236
19220	944.740709417453	610.2875686070416	1690.88866077594	484.90048755344003
19235	139.00239236002787	579037.4913760326	133711.159255625	299766.12693672563
19250	5561.937533081253	741563.3288778329	83239.6248236575	320931.2954346052
19266	138602.20355849742	465475.54993850825	90663.85839481952	669929.8456286067
19281	47038.18824374596	98.72891080521048	33776.185067357794	222340.61392009258
19296	0.0	91.6664851676207	119317.99372788184	128.52559691123665
19311	154.60736232924276	132.4176155099273	35646.40262240649	41.834335191100834
19326	68.13132056996227	91.61691827880219	123047.32188939485	132.84494988860564
19341	0.0	135.83177886694205	78053.0450619641	98.23832405067981
19356	203.55284452289345	88.45330471895635	77505.93313815593	43.44617712826468
19372	0.0	88.34566140085458	49083.121391134395	86.32442041486502
19387	18756.76879140458	179.43623810900374	246997.95456673478	225.34208709371745
19402	5750.78567447979	89.15334382351487	184836.42303218067	85.53560502827168
19419	140.6453543244861	43.89859254229348	53063.79880438801	92.26573533669114
19434	5913.151537299156	88.95131815862842	192945.95061067975	0.0
19449	16635.36445979909	88.30187042512	106808.11849258126	133.03978991875425
19464	150075.20827350617	91.12771031510084	2583.4127945465266	85.03451954006218
19479	73721.95189614773	88.40510771679692	149.7288564934116	128.7450479901815
19494	69128.24781198156	131.1963040018268	76.57946517169475	42.98277065169532
19509	71062.55200173854	88.18650765718893	222.5474417371815	136.19647509130183
19525	157205.78503496255	88.2459945428092	151.82433165043594	86.85698457458987
19540	385.28951873207467	87.86003753726371	295.905732438527	86.81576793143526
19555	679938.1458751804	87.36304425057024	149.29064245223998	45666.81991650488
19570	240.0444303695904	491085.02804379095	113008.68667062791	308366.7942132674
19585	23700.65489737084	583912.0310145877	102771.35976608611	311726.22280734254
19600	0.0	1063413.0872548898	73118.32354015215	347259.332012083
19615	303.76421728416346	134.26267494143454	208812.54003539082	884320.8344361887
19631	215.57914807297288	173.38127334157005	102443.7907367926	36530.699835742635
19646	13509.291188001149	87.77304328886792	228978.98429509776	42.580193901825695
19661	6620.675158529281	0.0	227443.2349226244	172.42072983503343
19676	12510.482535868818	131.71614102533553	272398.9735728487	42.69316152225249
19691	70.58769126534462	92.48081698715687	143768.98861176186	173.19203557927162
19706	243.1908937339671	44.14387089410331	176249.7674007213	0.0
19721	603.4067156382184	180.48099246159197	150.02435383625328	86.16681835141964
19737	207805.53197208233	179.89038823252542	74.29073317050934	212.5899159014225
19752	318.90046492628755	131.09565773991866	224.43160103581846	46.58439825809095
19767	390.8438139678165	132.33387060016395	148.0147860684525	87.92551884820685
19782	496752.59884723666	7706.243386046291	9701.55210859418	89.65895558291115
