Tiempo	a9	a10	a11	a12
12	466.06323728285264	2202.886254163105	868.9311052925884	223.35084863968657
27	927334.6115392004	50554012.87842311	5066.9668673044525	1065657.693245274
42	48826832.579016924	43806156.743671864	5129.115115134717	14160787.644145202
57	36015885.926092915	43723790.27677799	4024.17147468403	46187647.56770237
72	43037410.653853096	43396590.25726115	894.057662100098	43244994.614579104
88	43854352.32998479	42908110.55739174	1904.8358269382456	43653604.67207874
103	42549547.19408108	42412557.28059636	1832.1330243729053	43507399.324595794
118	40086055.36130442	39381938.05438889	893.0473206788768	43236409.11254104
133	37956506.5141418	38099678.89432302	326.7433597165346	38724910.53572064
148	37971259.748168595	38120898.00172504	852.66650524484	35623774.25884169
163	38073294.44681021	37821146.4894359	3807.328419758081	35621327.98509064
180	34928444.62380477	38024417.35393919	8062.384037040639	35563217.507179596
203	35539574.02212969	35125385.95491184	34331.48211285821	35628336.79278345
218	35489950.96158342	35445559.35459137	15153.642346929313	35678829.820536524
233	35490562.05109609	35261880.19082164	98161.821145577	35351891.94705563
248	35225028.38353155	35265358.83120552	4403144.312220534	35421866.0551509
264	35347248.5312262	35219149.417156994	39501674.302695066	35462817.55573251
279	35758259.43656123	35671640.202766374	9091889.374003926	35625466.65611963
294	35503752.02787576	0.0	11656298.697920024	35336700.38637924
309	35199950.08017487	35483276.98962911	14115013.806132458	35320722.12681604
324	35667550.60387638	35366782.907313086	18412807.438508954	35612171.857910894
339	35296475.41439118	35392963.17899232	33026341.5353086	35816564.96574013
355	35530724.606398754	35254294.20109645	23226809.4540574	35312381.84201378
370	35478811.12182196	35313037.658056416	31935715.24241886	35450449.545873776
385	35572518.11971824	35297021.2616194	27723648.066051282	35487887.684447564
400	35685492.02514878	35318487.53592076	20733837.377079204	35631460.31265636
415	35448118.34200762	35479018.20305101	18880267.18762253	35524128.43738407
430	35640883.54812833	35578651.92024301	32344782.03675072	35467085.69178864
446	35319316.73274674	35204128.622664176	35757154.633588955	35317329.08178652
461	35630439.89092218	35295912.58571192	35767912.272959866	35501862.731807105
476	34327815.93835432	35198079.05916945	35954160.98140851	35617564.58245698
491	11736161.551642302	31405317.354809985	35811049.934354454	30560803.029296786
506	2184800.787210549	22018869.733370274	36030689.83013887	19733844.06094806
521	220.19084211945534	818594.0300379904	35700386.13317564	11607438.07679316
537	0.0	0.0	35682780.33233224	566465.5489208875
552	158.68863832671195	220.3715502421744	35729041.44740757	134.4886644795863
567	225.5922255384503	104.82301777835004	35723453.0679464	87.9933266889304
582	69.87624541856349	0.0	35975748.62722421	175.98820964908228
597	209.77734509512783	159.31709682089274	35802331.56147356	88.57216173812748
612	78.13386466924567	163.231564527601	35874884.50382818	87.34652993260883
627	207.69878774948882	206.99128213047982	35641955.58323131	175.94085527133197
643	142.62406326457858	0.0	35928794.58059396	172.47346192896367
658	136.79630734931678	101.99743817968294	35744017.68825666	87.97866059459746
673	0.0	204.90428991669788	35735685.89058481	86.27855897820555
688	73.78109301358461	51.985436600893735	35814814.10911104	130.23658040124457
703	67.66862378919497	103.2846642573271	35647600.86160446	85.261830177214
718	0.0	110.07671452667564	35844599.948361695	130.54911182164216
734	230.78443035487084	153.66721132249106	35925965.9761542	84.6055824577529
749	68.09817703127861	115.4955805465579	34648691.50438857	99.02629152408801
764	136.9914457660122	105.26625326514244	29666718.677453786	148.7226370799169
779	138.49860834970139	107.01912433535792	16750460.063128501	150.66949127286674
794	0.0	12006.992388859224	3015.1299218829718	575.1644989373675
809	48530513.73312473	43268346.33660668	6101.635306951627	27052151.88029766
824	43956758.2001282	43351612.147733524	2758.6663409280777	43303566.94334808
840	43476065.86657641	43625271.22135785	1275012.0609070463	43573747.7278414
855	43802275.37737472	43658394.82810098	2811672.545508055	43292052.8982552
870	43739999.099605486	42511344.723699756	2824684.9203640083	43314613.786845796
885	40987643.14434137	39177314.61185717	2752224.169867017	42795615.65352078
900	38340049.20793712	38299158.92632595	2757447.57940062	36085641.913844265
915	38222075.7110805	38210146.84510428	2779744.7039660234	35931730.625779495
931	38325416.40053828	37873220.81600294	4850650.919444329	0.0
946	38208627.55272252	38226155.14736854	7862900.337527124	35674526.13749892
961	38077254.34054456	37754659.50900591	7492873.238754068	35404803.2276152
976	38433429.12268551	37836347.397747986	8425677.718045104	35548752.59973427
991	38448445.8864929	37828421.4494025	16324156.011167996	35337813.37116328
1006	37561305.034732535	37895408.96785461	21752608.998051975	35449269.81078375
1022	35408386.615961604	37880125.70472689	29975096.74787984	35633645.1344271
1037	35802534.37546668	38124487.019017056	43482870.112234145	35631240.15679896
1052	35660967.72165536	37976545.534757875	43170520.02603451	35574016.33412363
1067	35719111.36950077	37898336.73149534	41075337.0538128	35597640.83295401
1082	35577971.976538874	35964238.37504712	0.0	35653945.21905821
1097	35638259.53700222	35209127.189188726	34165489.330295555	35362460.86787108
1113	35461523.1402531	35318534.22632233	31730615.818199415	35542378.88967205
1128	35489759.87752876	35615411.68952882	31611326.69532367	35304554.39139694
1143	35481685.18509398	35476653.56253756	31611066.48959667	35384487.3796353
1158	35431607.24925371	35385993.124640875	31641554.354031347	35324166.80877583
1173	35481713.40492215	35544203.716491245	31370076.151448123	35619380.6828011
1188	33996489.75122494	35278177.56313961	31272656.655611865	35435469.51372805
1204	31803041.096791152	31672651.144683927	31586723.968766313	35495380.02357441
1219	31724244.275486544	31810957.89843803	31580600.171250295	35718746.06193113
1234	31782858.174791332	28020785.719526604	31505739.566231158	35500347.192311846
1249	19906474.9881272	26501481.60296694	32229123.28542345	27979636.639490042
1264	3842986.632299359	21767416.084239345	31598456.079768118	21594875.721212164
1279	144.70214515849017	10798385.752610875	31420809.99170111	13506781.013656843
1296	233.73691410066562	249942.8466463536	31532972.998977687	5246631.302793197
1312	75.05738079270813	0.0	31808885.405209735	87.83394173892215
1327	286.480100300312	268.5626162701752	31801731.747991234	87.60369327092543
1342	72.33535703480244	53.904635516367854	28816770.365442082	274.10417456924915
1358	151.3706022684183	228.71821651756764	26566909.685937796	48.433765042573214
1373	278.40658354692164	165.2624870277196	27027440.413706113	95.20166194516234
1388	0.0	0.0	27402981.983668476	128.7432856570417
1403	153.4011366572231	164.66312734410167	26537718.76274999	131.33077848021873
1418	152.34436679444275	205.07194168131798	26992926.584947906	130.06435632451436
1433	149.98195472404362	105.24928029149771	27120100.25423891	131.91280582955574
1449	0.0	53.26469390809536	27550496.45896216	43.804410182144494
1464	138.79672623672522	161.31251177966595	24641153.98207562	134.90148359154816
1479	153.1517548812926	103.80740415807813	17281182.895415865	131.8503299740702
1494	141.8931815002486	162.53724868709685	13976189.904461747	87.45751121380367
1509	0.0	51.06853032359854	5419003.848830185	88.15827602408827
1524	2681.1440096593647	6587.358745225966	7510.160734015354	3166.1221518422153
1539	45878142.33029952	43919754.30783854	7125.3273673403255	43390188.05017776
1555	43598612.2039535	43351841.01996443	3254.311550369579	43128959.11308231
1570	43848174.35910921	43610990.448127195	2675.4516601348532	42960834.11473828
1585	43709378.40063564	43440351.767651826	4834.172005119422	43331840.71015621
1600	42253438.81128122	41817919.9295146	9085.996620732174	43616113.09182356
1615	41809314.398337424	38725916.093530536	779535.0939466034	40900262.970514774
1630	40764491.87043252	35687511.42194093	4169632.150847571	35912977.90072844
1646	37970433.25408681	35462479.74450941	12251280.020435758	35713496.50439687
1661	38067388.72797527	35301216.3947047	12885657.787145128	35434422.64504404
1676	37922940.04513506	35619721.58653302	17066121.67399891	35594314.420901366
1691	38150841.264163435	35676057.021930546	20419123.039110187	35784496.84732405
1706	38028597.5536495	35288073.411927275	20086875.294927545	35355080.48501861
1721	37548921.27692182	35441458.04570456	24857123.336246073	35603286.95391709
1737	35267550.15475232	35264902.31870981	29284193.558920916	35335137.75846758
1752	35547192.06794699	35385468.44568908	29284193.558920916	35704591.637356736
1767	35404574.103546984	35648028.972421065	35676641.09778354	35728222.55965076
1782	35661999.4891509	35407427.89657726	36214177.84726682	35417247.137320265
1797	35372221.19774278	35318553.98101363	35798450.59557214	35413109.42408024
1812	35495819.235799655	35374272.24671289	35980322.50669324	35557323.935584135
1828	35497729.335438386	35240661.363675594	35954942.668434046	35552791.61225203
1843	35647520.816106156	35330703.294769146	35886636.372457504	35560877.32266891
1858	35552141.140732534	35407479.92325672	35811896.5981017	35448570.20695655
1873	35484235.064941525	35191979.89270252	35574031.49927519	35777453.33711668
1888	35790542.459324084	35354793.80799288	35828563.20647859	35438499.774412826
1903	32302782.65659693	35594012.900472485	35824522.13826385	35491752.500701025
1919	31493990.54941069	35261082.468525976	35845609.11365881	35679860.269659996
1934	31275426.95060514	35512023.90095602	35768763.157436095	35565382.656370424
1949	24231187.028121933	35543784.68595912	35726796.62215197	35314999.55325902
1964	22663115.19302685	32491081.15419344	35793755.434218325	35670685.16161665
1979	15103827.127706869	31106882.172959574	35711637.329551145	33338781.27283707
1994	8045904.55762354	28524903.907794334	36141416.2008605	29603352.97550433
2010	292147.0343495984	6669195.337361271	36090918.12674163	8400285.810428267
2025	141.38393037882634	1050692.233055572	35760041.70906968	22592.093073830605
2040	70.89999089937658	111.23291578823701	32893033.446845505	89.51959524154663
2055	208.4179170175642	113.26558652848006	26725875.02789855	131.4804921631515
2070	153.99600929860958	168.23064082190393	22979040.205215413	133.5052606677264
2085	141.59879560740666	55.61360096207354	23832281.33379146	131.83442091608885
2100	0.0	109.53956198573113	23361336.693602014	88.68886535167694
2116	342.23436259070877	110.30193502050824	22892734.098390184	89.53215847462415
2131	152.45882607242092	169.06272772234865	19739195.25676834	89.96064298734069
2146	68.5352364461869	53.85058622287586	16625596.606206197	87.26050948821008
2161	67.85608508336358	166.21012060403822	17083076.27746773	172.7250808964111
2176	135.20318056468852	103.77808653116226	17039424.21290347	0.0
2191	0.0	107.91638961106538	16737522.665881395	175.07534119784833
2206	134.31399189569055	0.0	15652021.150239682	43.147250526784916
2222	69.82200843114872	165.0572164812684	11979396.016473338	42.897858180631886
2237	65.93225537021179	52.26462621734478	9022475.788004436	378.5574425875209
2252	4813.37324234718	10522.213696646802	6768.959993232507	24692544.064555366
2267	46167194.28042784	43237064.75309587	12318.00255602316	43399184.94916603
2282	43588814.30307419	43422547.64675622	580799.7094874847	43622117.88839223
2297	43819223.75440544	43216056.56824537	3158071.9032369284	43275995.06820821
2312	43483109.58811641	43460912.72013468	7762328.021561756	43310934.31364849
2328	43401744.471231416	42143587.974332005	7991164.108948592	42344722.990018144
2343	41928217.81853816	38795107.502880365	7905883.578235431	38214276.76199366
2358	38719341.12490382	38325592.94328879	8325951.263361621	35789174.19247941
2373	38047699.65703829	38484635.38902059	8318162.510110168	35680054.42614152
2388	37840838.89371474	38057492.20498423	11536443.452864889	35519014.505799994
2403	38406957.978059836	38270077.58250411	20067337.17726989	35315572.42005082
2418	38125548.158092804	37973947.22547798	20625357.84206427	35755463.39545148
2434	38288809.32197904	37838320.06622249	20651900.47513252	35350548.20378203
2449	38439590.55534039	38051299.97892402	20278148.98637968	35417851.28784292
2464	38400918.04936239	38189549.83251591	19957862.544625696	35653972.18803857
2479	36744946.25575525	37742688.669330634	20933486.340639822	35401380.25170332
2494	35539037.1731258	38149524.1799334	24038776.228923026	35697497.691328
2509	35513239.696316265	37748197.985258415	39500817.57745036	35626235.10949098
2525	35381134.75880032	37021052.53788885	43843632.27838962	35866380.497043654
2540	35617048.76384501	35504287.66764561	38558820.26830851	35947078.676656134
2555	35373313.21574578	35459581.49080168	35629353.756999254	35569981.81209105
2570	35472627.66951089	35432027.07534086	33545079.848114822	35551638.91548921
2585	35584541.100388974	35678997.62014253	33416708.3677795	35388353.58921034
2600	35456352.10266967	35436746.9680005	33299156.875885226	35513727.1042467
2616	35572324.83058006	35399409.18153198	34426742.834803626	35412928.099309936
2631	35500670.12643756	35700054.69996041	30512494.403541595	35382282.39715697
2646	35408544.66274619	35512954.999842785	28503487.676502615	35607555.04566559
2661	35427058.86409056	35421325.55636663	28785273.707966406	35443098.70991641
2676	35783342.9317727	35501112.094234034	28061492.84735116	35183249.37414774
2691	29393423.237485375	35277878.21369908	28866807.26493574	31896874.447770424
2707	16947629.735750735	33652362.546002634	29127293.421063	31721945.086534683
2722	9519816.092171859	24939822.353125766	28617894.42203292	22369179.574736908
2737	1926209.7572097944	11259265.175439352	28640303.264628366	14844938.582111932
2752	156.73159222478978	411.1547664860217	27638508.61897168	11095443.56081044
2767	283.7011515075155	59.4134292971855	27126313.544558987	15346.238245278597
2782	70.69285882633645	174.66883377295454	25355961.79309117	227.30212480658665
2798	277.7115212695487	60.92478732466698	17688558.148467492	43.93518257886171
2813	73.89533935857472	292.78559097647667	16905690.417672545	177.80023452887312
2828	288.36361169585956	57.156843330119735	16866354.761619125	87.1880637196172
2843	69.2574981598556	179.35726195722353	17158916.34329478	175.54697571355848
2858	68.19996649827809	218.63770615620538	17484694.984691467	87.38840395957232
2873	149.90577246436848	51.88337313383818	16847180.730882127	0.0
2888	79.58463940786663	113.34008478105068	16838510.230432436	172.4065056461841
2904	67.66879954604433	171.1307657345105	13132807.117575133	88.13450308995321
2919	67.86309278489091	56.62356437623501	12264449.285092538	86.25388702247292
2934	74.66517585106195	53.03369372941554	8035285.298981125	175.76792238906026
2949	70.65605639457702	161.03652893286198	3301027.37421312	130.3145247175824
2964	2545.3334206447007	7026.958282419895	10301.243942266088	6888.118725815266
2979	30684523.49341224	47614145.49382119	8555.996022004718	43604850.20040009
2994	38592699.98088844	43532964.8053469	4007.8336261851346	43296353.117336
3010	43746418.37788774	43865123.36444129	1401906.9758377492	43379785.439364046
3025	44083771.8629962	43443263.03178064	2892358.707233441	43418124.74639643
3040	43837150.60945697	42985818.13399002	7468190.468954109	43112756.975326546
3055	41010380.80210301	37556690.904805794	7926066.588690844	39317041.516040355
3070	38423403.453089446	35520531.419474885	18635592.9241505	35943831.06043787
3085	38077667.51406654	35506618.501812145	20539331.066469867	35665528.59171787
3100	38044086.299944244	35343380.2292941	21201765.76003605	35355615.01712509
3116	38091149.1830659	35382051.738693684	23687886.99185592	35378640.03362883
3131	38133232.593411855	35333518.34288791	37759150.44344945	35669864.901795104
3146	38279665.183989555	35634742.06439458	43701977.45970164	35207106.06424115
3161	38174711.3009345	35300648.758081146	43342850.0104455	35704623.809108324
3176	36996350.362806045	35636368.071698375	43189563.90448213	35462283.531663574
3191	35593246.01677188	35400183.12996128	42616314.25928427	35225023.89105908
3207	35593131.01653385	35301500.782689705	36014837.043179475	35429353.47247976
3222	35420573.89916174	35446018.16768138	35847391.82268865	35769182.56478416
3237	35477568.291601725	35097652.68100043	35787024.08861019	35549799.28931089
3252	35719583.82346092	35531895.32782375	36156683.26609188	35327899.73670438
3267	35327969.917244524	35365157.85207285	35891304.89942674	35219510.60130384
3282	35392859.35404067	35347266.527212806	35961239.207173936	35415928.04998826
3297	35854472.77838728	35565024.879456066	35686326.14445758	35740132.99329148
3313	35681661.228246234	35639761.12213684	35692954.83420329	35508465.42874453
3328	35940540.80698276	35416831.881225124	35684613.85600672	35386095.02737837
3343	35420478.62901395	35323181.81322406	35888430.734220475	35361741.163682655
3358	33212398.16675705	35141348.020793244	36046260.525867835	35490907.65142071
3373	31884645.98997937	35361009.92917691	35902774.84671071	35404058.59049967
3388	27998102.415442724	35559143.18814652	35821045.20253468	35507131.948122494
3403	17796014.03450986	35491165.021938026	32772225.389692023	35413470.581918284
3419	9695399.35249937	33104440.46493112	27602107.11236115	35492824.90651828
3434	5446170.825621104	21673986.093522176	26839911.301335916	30981964.17571476
3449	703440.4700461501	6938815.546365	24599802.932853065	16357802.718544226
3464	242.1091116341762	128263.34058829192	22888174.561980873	7829020.503583565
3479	216.53120401056947	122.36425193062983	19793468.077905882	38422.28061668292
3494	295.41412303447726	183.99089858232065	16687034.508541005	198.88335783200338
3510	0.0	56.035300056799315	16215545.149697138	89.0476194906421
3525	146.2189239822328	234.73954619318246	16305180.54845613	131.50191198997197
3540	141.8891827845946	163.58915685054382	16496873.907845942	88.00522500527092
3555	137.58918917924166	189.6667592851119	16985845.413379915	86.92677189535462
3570	140.22572125611828	60.699186097383496	14684085.88195901	175.16883612928913
3585	0.0	174.68216833055018	12028295.175827742	130.35615652170964
3600	1570.5980073492228	2872.321134818173	59303.42270573526	173.60092651160434
3616	24449785.310243018	49110896.17485901	41322640.5019487	2547.3796456028895
3631	39351269.26404931	43528660.74930404	43661825.06825775	43631763.07742457
3646	43644170.35224207	43632903.38205618	43785858.353280455	43121648.92474015
3661	43852120.3023884	42904883.64701112	43815003.955416515	43569692.78766583
3676	43475854.16440089	42756456.43108767	43843866.1920957	43153022.5419265
3691	40570332.921933524	40261683.184717864	41967914.525120914	42209801.46196697
3706	38553576.19462895	40284017.40816916	36901373.15928481	41282552.45046994
3722	38357729.98933574	39865780.36345993	36057171.25413222	38965769.08165908
3737	38221768.98458878	39620256.946179606	35959083.02788625	37961385.153589055
3752	38253731.69580757	39796296.357340686	35590464.34412879	37683722.34993506
3767	37924135.00885984	38006392.68453077	35734074.49485641	38251107.4258334
3782	38325552.32331437	38063451.83140677	35723135.8249714	38150699.181898184
3797	38131164.137941614	38019642.55241114	35849217.281346194	37710134.00797234
3813	38268403.7402461	36978286.59658923	35933301.30121675	38119014.83768649
3828	37965842.483445115	35247815.177925214	35637100.66095057	38007346.00543629
3843	37053041.77324547	35444765.79959718	36073115.62470387	37886698.43385215
3858	35694561.9472063	35354918.461193606	35684937.0470087	38016838.18635541
3873	35683736.58942616	35334564.568068795	36278833.149464555	36530360.86763395
3888	35535209.77379858	35436649.561143406	36122919.101314634	35241859.26182637
3903	35543481.02647966	35612188.354169905	35864720.01823151	35423369.11625489
3919	35667226.544957995	35222528.10386534	35734571.51624712	35231319.58154836
3934	35352158.20360375	35396421.431067675	35538268.1413118	35251441.71408367
3949	35650452.154433906	35179835.84439454	35914191.98363702	35486236.630660705
3964	35574726.325845666	35527459.553852506	35805590.70987816	35840304.17216432
3979	35409357.15503973	35324426.24198974	35697519.983498424	35523234.68217752
3994	35421960.24230845	35236040.63545918	35771481.39762187	35485226.40736949
4010	35436034.29808732	35415493.48793541	35892501.96110087	35535296.36785027
4025	35495825.10287963	35197733.258974165	35867933.26863474	35531615.289049186
4040	31814134.954534292	35158600.43361577	35764934.136936426	32803847.84976096
4055	23923028.271581884	31131307.216488987	35697370.351801954	31504372.076344136
4070	18153772.40876996	26763010.545091566	32241446.513902288	18499525.90664099
4085	10209486.860424902	21678409.511075392	31795924.092548948	10086745.402533052
4101	429751.3812686801	11590428.943477526	21367340.87808804	101914.89032094627
4116	1234.267238520314	5509.3355477739215	25950.937570910566	9056.45691941198
4131	38615154.22486847	43293731.02387952	43539808.56595504	41109049.26721094
4146	38317350.83180542	43977779.04157828	43727334.35014416	41266270.36973393
4161	43882802.07364974	43712905.70768805	43784469.71741676	41333605.797538996
4176	43411964.23249142	43500526.35652636	43424317.97731518	41356944.330522254
4192	41933617.64454031	43036031.55906232	43813164.09935244	40398160.18466422
4207	39180234.07933983	39803196.90943126	39927313.56591142	34458718.49538462
4222	38404159.06890241	35609246.30295446	36045498.644782476	34135733.324946195
4237	38474121.41789733	35487688.27292655	35967183.793301344	33774235.89450546
4252	38030388.09963619	35344770.92214396	35828424.42014584	33700516.5070535
4267	38231162.87954723	35429182.58603674	35945294.64084141	33880364.188885696
4283	38082824.29786474	35420750.15737608	35812712.898831375	33613096.42752059
4298	38136359.60725472	35209655.85705101	35919431.105101265	33660143.04621109
4313	38004075.92415188	35301012.446553834	35561882.349218816	34171671.3277037
4328	38421450.06489124	35262507.22794048	35746167.888670504	34055628.305658706
4343	38300349.395193666	35480944.26232261	35886531.75940633	33516184.866392914
4358	38020855.228649184	35421989.70985745	35863966.10025287	33698189.11556342
4374	36590803.856056556	35565997.67655672	35802139.71373196	34299872.63496784
4389	35531436.71452564	35309041.71562084	35715275.06608536	33790418.42301607
4404	35109833.66583639	35250919.188935846	36151707.39298088	33746837.75476093
4419	35604339.098373465	35332409.942749135	35663455.91010497	33701877.39493803
4434	35586620.63047257	35424536.75185665	35805695.9547697	33833991.82650118
4449	35439965.293804914	35832432.79156336	35919479.860843	33809495.70814629
4465	35596599.21474298	35213504.60379232	35930049.01513414	33947182.333781905
4480	35477571.333422445	35669714.20871962	35832826.00932906	33860574.17069502
4495	35290068.08645637	35195045.965081	35658501.86230556	33906396.83090095
4510	35431191.44636292	35611911.22525625	35781502.845021896	33681813.37850368
4525	34881922.413907684	35346828.6247774	36208869.6754247	33654262.145242855
4540	27600249.45975973	35489213.99506999	35949299.683085	33764107.081809185
4555	26590501.860167123	35324857.31413239	35810302.76585371	33784342.50873449
4571	26239275.306563374	33372899.00701973	35039041.19755447	33204367.080067813
4586	21756115.49314489	31166609.371118832	27126155.35124829	27985899.623842757
4601	1213505.5204419077	23336048.495209448	19450441.88241542	24532633.793191876
4616	572.9927428711904	9813271.357586073	9715932.361950742	17283965.92713696
4631	24804936.067033168	1632.4673467120529	23640.50018007395	33120.13847453054
4646	43748359.49293074	43403278.99862492	43414939.23668361	41189952.129741006
4662	43568236.40869165	43481907.83436953	43552263.46216238	41087312.10591772
4677	43886359.6125689	43421633.38125202	43745993.24377249	41355021.00961121
4692	43651195.830250114	42667365.91555613	43892362.71920329	41243488.07329972
4707	41712763.89216256	41232932.549476445	42260788.59680292	41558881.09687064
4722	39062553.81117501	38066343.20223114	38050567.30585851	39427027.253933966
4737	38017784.10806404	35530358.06633433	36041560.58415918	36985149.577971436
4753	37828307.05211564	35386676.38237445	35944573.0671929	36664845.877895296
4768	38253758.5786165	35344447.26326581	35990196.22754681	36411473.99326383
4783	38082608.916797705	35523206.97094057	35896282.78233291	36289251.09994705
4798	38394552.450519286	35212059.46235556	35933633.120168865	36244905.42966807
4813	37991430.776391506	35520503.3614792	35946993.509546034	36266799.4620037
4828	37949683.538789436	35245199.423153505	35771372.57202116	35960460.96764925
4844	37974447.11410615	35335245.49337423	35654368.280822404	36160999.86703795
4859	36289371.629349776	35282968.66962151	35796001.62483824	36248269.31986494
4874	35714412.42758136	35183011.00136705	35987784.58865987	36192215.24534735
4889	35477164.637192085	35402337.009854436	35919935.58776701	35935063.047200754
4904	35279534.88546686	35385704.698678434	35952997.57353363	33773572.75281633
4919	35223644.43928615	35528293.53464994	35864607.77894042	33634741.44549897
4935	35594913.07512675	35260023.16275464	35844411.04032104	33807008.91621635
4950	0.0	35069437.873234816	35662071.477306575	33596423.016826436
4965	35541278.42353527	35484644.03442852	36120552.59837739	33639651.18307445
4980	35328577.787726074	35493170.5196566	35706950.51125175	33800739.76429963
4995	35356225.84449175	35415929.53666326	35940688.97799915	34046983.04392447
5010	35357990.94794169	35386010.523327485	35844123.27218693	33688148.29802692
5026	35531039.75445063	35367710.19703578	35730138.980899945	33896236.48705006
5041	35644658.16875704	35250443.13799814	35905141.16565907	33645642.68829428
5056	31742609.363508362	35401545.170489386	35736399.48746662	30015897.49945002
5071	19272410.74810228	35273794.34939637	35841690.289488874	24200060.522533618
5086	15598753.457282346	32525985.34532826	34278241.87654964	19462668.416327585
5101	7126783.534723805	30677158.89205857	28068722.63377391	17347311.001780722
5117	18184.696339791084	21385056.192041747	13124796.000262236	8081622.26685654
5132	1044.5555696528497	34873.44327092872	67001.93542591266	14544.951319743097
5147	17733075.257119372	42469753.31086792	39258627.74574196	36674454.826196395
5162	43733141.41279868	41239780.4074998	43554008.06897762	36990271.7613367
5177	38193458.76116558	41931967.394430995	43759090.32962222	36999019.44458371
5192	43864151.10544449	41582118.31901902	43372714.725071415	37380175.81905461
5208	43699709.248928994	40088791.17422429	43514029.69179643	36882520.5314288
5223	42910957.03651737	38777134.28260945	42732861.96314577	34176971.70802128
5238	42247062.16282414	34959520.47742674	37081773.08107347	30620268.433907248
5253	39818173.90573354	33698281.20854046	36247718.310983986	30473466.339213513
5268	37983958.09670748	33643465.25261881	36183113.94245635	30539557.129857004
5283	38018462.26540248	33628364.52094713	35943713.75258779	30453331.722240474
5299	37561145.5572065	33702880.83969307	35706061.44742819	30421030.014370956
5314	38015232.74175266	33483925.823406376	35995523.080460735	30173331.177850038
5329	38020809.17034377	33535787.40740855	36224472.77767565	30139284.47876363
5344	38366970.047723025	33418059.772173434	35737480.98352499	30368247.601103656
5359	36856120.584974654	33822525.03615256	0.0	30224059.17180002
5374	35710232.80018118	33505534.149641205	35778255.90720634	30141983.5141567
5389	35552657.798326716	33531738.819591682	36198114.349191554	30408000.876909133
5405	35681401.449862346	33761167.76853951	35880175.86886253	30440840.597809292
5420	35499302.6428941	0.0	35937103.74768293	30143181.104879137
5435	35445261.01459274	33555441.792804345	35641143.08398505	30326265.252753727
5450	35412960.9933369	33719539.32464686	36051797.766906515	30472829.37242313
5465	35863270.159541816	33884064.511447065	35788226.89906074	30544287.647197414
5480	35794784.18285206	33506450.385077164	35956155.083456784	30394534.330000754
5496	35840712.55709546	33898357.99708652	35820329.80480546	30529944.06513847
5511	35409450.39970668	33804425.270182535	35897281.58202826	30332523.889581263
5526	35668918.24057122	33437099.92845107	35795269.18972468	30102365.380135294
5541	35505453.80923866	33540862.363325126	35833993.13274294	30391995.87508142
5556	35449730.21789902	34419015.88861823	35864232.91677528	30243074.53943173
5572	30418660.521737956	33630366.193067156	35865452.91038381	30346495.255185183
5587	21294403.116435863	33613019.47412744	35853971.44995079	30181900.43587231
5602	9794740.983476358	32938376.169194803	32811577.833345022	30194295.055839516
5617	7041396.929417967	30039717.08525467	30404968.91254703	30127822.110054348
5632	221.05729460231962	23444148.949613594	24133929.65810743	20747026.52550263
5647	155.8319088726677	11735726.535871666	10812475.417558393	19010395.123356115
5663	296.68334973854945	535570.5992251635	152.06013295478186	7440093.948228526
5678	351.2601847831859	169.6671853758395	77.82849124766886	3106317.7159546637
5693	1485.5052808597964	2715.0662601018466	5281.978491329876	6746.824259437807
5708	28732681.21526594	43132759.15875839	43505431.803101584	41270388.45133551
5723	43502943.453562856	43086523.06219506	43730364.553043626	41208263.296617
5738	43731236.036895595	43021501.938855305	43419067.26026936	41622907.62251976
5754	43012503.93970661	43393541.92023179	43459270.08571346	40527810.16299713
5769	42884517.85542922	43266025.575478084	42896073.643781364	40194771.434340835
5784	43263007.091069795	42882959.62364897	38665614.76209088	34677381.55308907
5799	42548091.376235336	38967889.111180305	35934359.76320455	34074954.446071506
5814	40928503.070994176	38339405.463026814	36159516.30046668	33633598.080610655
5829	38009807.18623453	38228519.19097561	36014728.238470115	33513860.44762645
5844	37904351.85874911	38065157.13334192	35721141.85806685	33735536.54532529
5860	38216143.44994925	37955434.877894096	36006624.60409778	33966761.38773627
5875	38098208.34187183	38109083.431416094	36182685.22597698	33682143.27601146
5890	38055128.30390851	37831049.27552653	35544661.95322337	33620771.94009343
5905	35620205.8098664	37640745.50890772	35670678.31757273	33868481.73369564
5920	35746568.76937842	37850921.89645388	35885314.72523682	33646984.80786154
5935	35492657.86709598	37807202.98963257	36010574.40100576	0.0
5951	35636399.430559665	37752571.394411266	35851457.74472335	33799687.78293614
5966	35840415.61386662	36040467.85974033	35761912.39610004	33767652.42370189
5981	35413243.105844505	35372927.75808802	35640991.67648545	33609745.54264327
5996	35590467.096915446	35652935.643961646	35760953.65174906	33595847.798164375
6011	35620150.56194829	35439746.176327705	35745668.559005454	33648983.06831006
6026	35461728.6754732	35442789.45980124	36028352.39597331	33929536.55072754
6042	35471625.80645783	35439641.16921704	35869479.25708343	33914938.61200106
6057	35575606.68904591	35550379.163065426	35763361.70199224	33816143.64155162
6072	35475042.528686196	35345751.875969306	35975409.879699804	33983269.63445502
6087	32577000.969599266	35616548.87256115	35684353.353087455	33677198.19401897
6102	31164774.1481638	35304433.63817642	35656007.107565	33647730.459013335
6117	29184600.71494171	32916845.64455295	36065477.21727312	33813328.499593586
6133	22176731.362855848	25210565.991029497	35728273.683394745	33791800.583238795
6148	10316046.703633424	20755368.865084168	32909139.503989868	33750829.511170976
6163	1128653.9898225793	15113974.901513714	20340898.777883563	30661824.696905106
6178	143.92713489155284	3993671.858692281	15395207.329531258	17350090.177383017
6193	78.34579284857959	111.17863031427376	4108766.3278590813	9681565.73403597
6208	0.0	13413.842796567176	10205.57394055773	25720.615319889785
6224	43699912.983111024	43665066.658591256	43774877.66316169	39030023.614246905
6239	43643500.33647372	43433675.10470623	43519206.78836077	40960303.03910671
6254	43709985.27979239	43424487.09729456	43760365.391253054	41190243.25069517
6269	42728041.312118165	43656012.48939608	43815014.09688121	41057098.62749292
6284	42699856.78298844	42832008.314870775	42843702.70097643	41216771.584779024
6299	40535931.242427036	40605285.31656398	40353006.9305968	39771861.058758564
6314	38568740.44421248	35542070.6802859	38785643.92603788	35125007.99300672
6330	38165511.59254776	35517356.25467849	38733611.00939455	33886533.89119993
6345	38207521.8967809	35236912.88527643	38641697.28756741	34033064.10117245
6360	38131926.05636026	35282757.61387345	38796716.83290733	33741983.102145836
6375	38311482.321631074	35158002.2308334	38204532.42251851	33458249.380369857
6390	37917973.79209709	35552583.6386073	38405354.6199355	33640617.01881345
6405	38006121.550777934	35729817.889029734	38622292.016625755	33891615.12106172
6421	38434996.24925631	35255574.794031955	38432478.94557972	33582533.72292045
6436	38041337.37621237	35435331.937074535	38556671.02318346	33911687.924299434
6451	38168155.880746655	35208689.14845034	38545488.94973468	33672547.73525746
6466	37412070.35226774	35305747.47192659	38582985.49991794	33711344.416925095
6481	35450712.026374325	35418472.62010935	36845042.140305735	33734933.121518515
6497	35583975.30089727	35604140.13720589	35840502.346625745	33670079.732193746
6512	35465527.22062808	35492535.31942744	35757799.35993399	33832583.313122176
6527	35591430.30101253	35356491.978218146	36047538.86262783	33995828.12012667
6542	35458835.02117842	35270813.40793651	35904142.482326105	33566173.91559642
6557	35400191.20860892	35237411.65763916	35827173.416304715	34017336.117369056
6572	35579586.057253614	35329098.30194002	36039296.86157853	33631950.97641593
6588	35626162.43578043	35333044.09473898	36164568.308865026	33793359.23724734
6603	35599693.61655284	35154393.790340625	36105021.32204742	33697858.70483042
6618	35564705.512172736	35394072.92173153	35816701.16655561	33814717.46685599
6633	35752505.95149034	35350395.33792045	35834550.73822605	33598542.64820269
6648	28994533.72787834	35528205.352121964	36106699.95289682	33814476.69949305
6663	19268581.102658086	32316171.030347556	34953773.65094475	33499013.890021395
6679	1584930.4848752632	22835268.020163953	22503374.36979459	33114183.991275415
6694	304.53430907499046	18248000.704685688	1812413.2099902579	18485522.419923656
6709	145.7323750539124	9280056.93578384	153.39093357478268	2132216.071253273
6724	928.5562196192332	37394.17813658124	5554.043686265499	4625.056697389297
6739	44939048.43515632	41357100.38145863	44583126.48233651	41050481.69043207
6754	43709589.000319704	41087321.2070668	43770600.805685945	41357393.01394912
6770	43626004.71935034	41306931.085689925	43668976.6951162	41418511.140164584
6785	43895476.904619426	41358218.45879929	43634075.68205294	41383072.31688471
6800	43161996.38216163	40767088.86051933	43454748.16891572	41157813.40648359
6815	41891267.37414684	38805078.63457769	43042354.80007558	39660167.433437854
6831	38603702.99345223	37548348.53821408	38025726.10950024	37489856.39683874
6846	38196586.849707566	36563862.58139564	36037975.98310628	36299570.334338434
6861	38019675.66426826	36276095.32145722	35915271.68520744	36047236.47259507
6876	37999593.565598354	36160812.21936593	35985867.000394806	36151336.949444525
6891	38204428.45725748	36046485.699340805	35942464.1034728	36495779.27934939
6906	38003236.94562328	36013149.61687724	35876893.15457743	36249625.26820027
6922	37884650.82597384	36553379.69697893	35825097.23664354	36350961.223303005
6937	38049519.378206156	36200958.98436425	35996506.35939735	36245992.422458634
6952	38431140.770273745	35924885.6162987	35751071.46278485	36304707.36273926
6967	36932618.915748045	36091469.99939865	35801253.74833208	36091361.12385818
6982	35319924.28162916	35998598.03200094	36194164.70389346	35569354.69297063
6997	35512629.3180786	33946992.904138274	35741576.58398182	33767651.60970459
7013	35711815.96382886	33614269.768084906	35728990.53355834	33933134.433226734
7028	35476664.889971636	33728306.333430536	36290985.651621245	33772958.675640464
7043	35244313.77571959	33667607.431096956	35845998.93925448	33705751.90615669
7058	35504671.551958	33642087.19221834	35758401.30691115	33697911.95533857
7073	35324421.1362404	33804271.241714284	36168085.45522226	33861438.852581635
7088	35307112.57622583	33735626.22776948	36056327.36124056	33777387.73732505
7104	35443953.82715019	33822672.36170266	35974174.698357865	33875146.15035855
7119	34894442.674258634	33720247.60966398	35868017.22251035	33883661.554419845
7134	35441154.284586646	33437712.99889393	35750188.64415176	33719703.39032079
7149	35881196.10894237	33638776.37425349	36064153.77120858	33647241.97943224
7164	31994199.62246842	33617597.08552906	36068890.52163459	33735648.357904814
7180	19784425.73697281	33530866.488517027	35916328.76512951	29296281.69362641
7195	10950293.09640984	31269568.55881246	34510744.50574309	15911688.218713336
7210	2918967.362733568	18482721.04230119	27252328.73464937	13201089.3940295
7225	242.77487739362755	14952773.642048184	10644601.696459709	5793617.47298107
7240	145.49738284260036	4250947.4841324035	338436.0550924305	389629.36485473823
7255	2132.3675139701413	13551.230925277248	4958.776273415982	9896.998893728298
7270	38134106.73370392	43741724.24492647	43641550.2540554	41489309.406448
7286	43668290.000165164	43290585.36886546	43610787.77818594	41810064.660101384
7301	38350674.37613385	43449974.54073136	43646649.38021001	40998359.80465807
7316	43572787.815800264	43509562.23544481	43655197.68839897	41549717.08076895
7331	39974440.72225111	42211832.444838196	41662332.955487266	41504835.04796176
7346	37169463.899324946	35741461.10224772	37900284.51726086	40099393.653251566
7362	35626744.87444901	35618596.30599949	36031817.12363754	36462535.46225248
7377	35582337.62219288	35246931.9223643	35879220.7375869	36324076.31889087
7392	35421950.333299294	35220372.63385101	36092958.72264854	35989175.5309665
7407	35417674.890100546	35299855.73295292	35921532.67750275	36041462.012556106
7422	35365354.97489465	35622608.554293685	35746100.05038747	36298188.20160004
7437	35563461.05481402	35558668.43839754	35976524.61946381	36167561.9868576
7453	35700433.66904524	35229078.06054597	35867171.86395429	36147267.31394476
7468	35484358.77413095	35619501.81468038	35803314.56064184	36120949.742654234
7483	35588361.066928476	35542364.31957756	35797299.647906564	36163188.692356765
7498	35407124.10127112	35425992.606787115	36027242.95527026	35140721.22285176
7513	35509590.6797409	35236953.28724098	35957367.93782347	33734201.94354865
7528	35605468.850222	35486541.22305448	35789655.79038499	33811575.29176088
7544	35514860.72287073	35882446.466662996	35990209.218750395	33713471.09851971
7559	35463778.104145244	35373386.25107837	35664202.95174943	33780173.992151864
7574	35461716.30922462	35299951.38904588	35918365.9781423	33909475.78474852
7589	35566617.00814763	35358675.6085929	35824914.08188006	33932925.40302651
7604	35647178.97022613	35280420.877205335	35913077.4247578	33775013.970100954
7620	35524487.32039647	35415254.0948708	35704874.62674331	33718386.8923686
7635	35327995.3043711	35584217.44426914	35795872.09893661	33746154.8102844
7650	34479996.64869956	35269539.24486791	36047079.5353839	33871432.62059057
7665	32063428.23085104	35247036.63814576	35560622.68920557	33562590.15568333
7680	29179330.963776186	35404650.345949024	35697059.579211436	31445695.115278203
7696	22999855.13613964	35249600.53896386	32548817.584649056	28389285.038652875
7711	19856834.644788563	35286081.636373065	30296665.196525745	24870285.15013723
7726	11710879.06735086	31615669.661588263	24411649.592017595	9409067.853178019
7741	819789.4509338721	11465095.768118009	16644864.309694592	45.22010573610663
7756	159.71328123173677	395111.7084179472	6126940.6057544025	1778.1106392750517
7771	3049.288822358563	10040.740545007275	22614.350926385392	39688157.64822569
7786	38188782.00615837	43346291.41036465	43536476.29347098	43041098.94841488
7802	43449670.94087642	43455154.023242794	43768371.04425603	43418679.06349023
7817	43761403.93842101	43287125.87983581	44123040.171223834	43500965.04422947
7832	43629039.45516694	43768954.85671975	43830599.29755378	43705354.74708881
7847	42880050.60510459	41905301.48303475	43289206.44353991	42725989.76086672
7862	39643104.186857305	37382213.72271112	42338749.04827065	42312833.131799586
7877	38245134.1103571	35962621.30987293	38804333.36499081	39298224.37971929
7893	37969504.65276141	35707986.86435534	38586790.6438565	38258207.71136534
7908	37932980.984908715	35526907.962955065	38402347.28824582	37959332.54137739
7923	38061530.23723554	35334501.51746488	38208396.30125219	38317384.68339242
7938	37992188.11470186	35092812.19114158	38493729.705988936	37891160.320061326
7953	37986322.09191542	35493748.77325589	38791496.079997234	38349429.03680821
7968	38209434.65922611	35460589.514529	38437397.739216894	38330168.32755837
7984	38174907.96807785	35377843.463887945	38501959.24721153	38299968.03226085
7999	38063070.50100816	35285150.514766306	38309387.783111826	38109481.721761055
8014	35052121.95424056	35667371.895009995	38431122.381851226	37324419.537279665
8029	35698201.655819036	35264379.76816923	38573563.48741777	35647859.1717435
8044	35470678.501303285	35344963.93786703	35850929.87109015	35546791.36491967
8060	35439370.829387724	35369817.61880412	35938575.161124796	35559895.22834235
8075	35396823.90837252	35183257.860102974	35786033.22125542	35434042.476990685
8090	35499663.00303753	35454373.95131256	35892265.54182664	35615428.497088656
8105	35491083.68102511	35423914.5048269	35936699.33389477	35579521.19635895
8120	35640156.765060954	35415651.01604265	35840965.32521498	35598112.13124111
8136	35528804.446772024	35371760.96875948	35766535.156706914	35603410.0800691
8151	35851663.84242905	35432938.778596856	35733798.59375949	35671606.91829407
8166	35832616.68075028	35418642.81184911	35768713.0666301	35555462.139979415
8181	35483880.66411208	35240902.94688071	35787407.456860065	35360766.497911945
8196	35561798.2116725	35591554.294587515	32107804.254201878	32488053.321459778
8212	20047456.57650581	35633614.80714021	23272288.735708572	24282661.935428686
8227	14093217.035671366	35425327.88588903	22301360.27450579	20597564.853856996
8242	9776362.826131383	35229557.80147188	12929115.86651991	10929266.59577232
8257	1188074.060431324	30621044.090517197	12348362.980655856	7238621.707384905
8272	242.6762444480555	3009146.6746626664	11051711.288833149	1250.4547588004173
8287	3471.654044780098	4747.7732854206115	27111.036654928997	2475.3769026073255
8303	26728090.619228363	43990043.08911064	43858787.49139716	43090725.31817758
8318	36547192.44055705	43555213.802049905	43802862.65039659	43771901.9319981
8333	36397908.020727545	43442590.613863185	43760464.03352073	43187691.20320596
8348	41303496.979335524	43116507.89729737	43885572.99531396	43336083.13910042
8363	40946695.20363859	42739229.657095425	43281275.23139541	42523979.94382574
8378	40777644.23429987	39354266.99385593	42599113.11545694	40576484.42460035
8394	36697323.54490733	35678528.36423402	38926606.61054956	38445863.68431314
8409	36364345.34773747	35589412.0322127	38800623.270580396	36845163.17957728
8424	36822604.002029344	35389979.040800765	38353817.022461906	35397065.863604724
8439	36206859.51993719	35488075.83945003	38432285.69274924	35378244.08509754
8454	36344420.70536915	35430992.33933255	38590814.99648427	35371949.13334098
8469	36170510.60553512	35320260.88661422	38658356.962490685	35587284.05958576
8485	36151436.14219004	35328019.39531068	38903703.6127317	35517776.9380921
8500	36152600.31453588	35600230.95107579	38519246.152667776	35548223.446903415
8515	36240976.14858342	35395076.9345576	38401601.13311438	35457286.97410147
8530	36531546.83222645	35306971.46429448	38624235.442202166	35384317.87639147
8545	35963514.87009503	35602527.41964184	38455930.80393362	35801530.25937812
8560	33703880.44964635	35523221.35702582	38398169.16058339	35541183.241783015
8576	33945008.04331295	35296004.3735956	37343884.26118456	35466355.476553
8591	33686389.119918905	35443260.14300041	35788750.08543973	35339814.6667115
8606	33654852.61222585	35420062.069244675	35804157.06091085	35372555.1389344
8621	33816535.346240185	35360703.51831684	35697369.33199127	35307892.0624518
8636	33985656.22433259	35408981.844733894	35952224.8652462	35432901.69640076
8652	33961856.29210133	35326590.64755666	35630589.51873075	35503716.07929406
8667	33909391.64128183	35329363.465249114	35752766.15759985	35790390.09444161
8682	33820977.90442472	35378522.144210204	36034166.9409358	35298303.93547579
8697	33857299.52657268	35556402.95417529	31621515.63390522	35429858.31456919
8712	28697045.91192203	35436684.870945424	30061278.93485754	35368063.1832596
8728	23538451.918874063	35321420.823474444	27783453.970858883	35427312.669803075
8743	20123231.817528006	35330098.87986653	24690223.59928286	32749419.349362593
8758	10553228.084943777	29821714.113972425	21694995.243737824	26966497.153005227
8773	37253.693563067915	18349969.82396728	6915759.815472541	14559190.947865468
8788	887.141197257014	9141.849345570803	6836.24569156587	3373049.803106571
8803	30557225.10081927	40299867.172656536	42297010.95675984	24392.418724870047
8819	38154500.66194521	41030169.32738148	43607502.00482607	41456649.1131099
8834	43735879.31732842	41286675.112050496	43809019.15676276	41536810.23287871
8849	43849446.87391717	41443631.95289894	43757038.31256394	41160787.0071133
8864	43551554.65390944	41426370.421135835	43814878.60436979	41392525.14418168
8879	42290779.565920494	38816717.80782965	42716590.19014972	41224281.80690673
8894	38301011.80092953	34272825.01053555	41579429.26020095	40389321.995118506
8910	38155933.40170401	33862093.86414323	38754015.103057005	37056205.21700943
8925	38202610.53300425	33649171.827383235	36592778.76148965	36422914.8286878
8940	37948849.12941659	33583230.10048782	35744418.74191529	36240456.266925134
8955	38269138.2996209	33521236.490517728	35774278.82594926	36065918.90069635
8970	38018906.727393776	33540977.986448642	36232507.07537179	36214163.87050153
8985	38045782.636852674	33659239.19393586	35873552.55371053	36227092.38405303
9001	38320068.339426726	33590542.19879302	35764827.83978781	36190623.974115774
9016	38347321.19939305	33587055.47725031	35759220.62767386	36187596.93982941
9031	37846632.22491321	33496946.46131582	36014191.91005881	36242561.70062232
9046	35564986.699714355	33645333.52499902	35631096.50892275	33945745.52431571
9061	35489444.92844442	33666739.85626931	35965285.722135335	33631191.731380336
9077	35618935.467335165	33841179.53026657	35871114.73592561	33916002.77688714
9092	35428836.61985913	33781864.27599133	36031761.74760379	33704888.112385064
9107	35558510.87951448	33716622.24535477	35920622.71935584	33856044.237605505
9122	35515762.519540995	33329715.310048155	35900962.5275498	33935518.792860344
9137	35568352.3163488	33786480.48244703	35751683.22014073	33582021.495012745
9152	35807592.99552214	33487921.55142525	35853784.14827104	33595687.58794634
9168	35400156.09548637	33964954.703310914	35975822.08337587	33578697.279547065
9183	35160206.33375126	33729357.47883409	35665560.603296466	33695554.74826614
9198	35874747.541769944	33923673.030062884	35729109.29295113	32645376.27713716
9213	35449759.62226836	33748530.68855562	35712560.19114205	30017903.80218451
9228	32519056.351589154	33677705.88079797	35693778.49520395	30300719.919633757
9243	22446435.78523987	33670332.65075738	36004644.76975206	30236031.225262176
9259	11181989.014626684	33610393.23009556	32420336.251359202	30625328.108347937
9274	6961499.889944637	32226035.570946142	20744421.582177147	15734633.670528833
9289	147.44792766837404	18959541.708006106	15850460.651625391	5519026.244600656
9304	151.73426338989287	14719714.84382395	2871812.1352236765	177.47201054096223
9319	819.9974252492934	37070.803099660574	1119.8563805493714	3184.798441768112
9334	16527094.833132004	40392962.25434327	39704199.04311414	41220163.9496872
9350	41614334.70445617	43472118.57958825	43608150.337269	41262324.425592266
9365	43056683.924349345	43604874.60367537	43565556.06735624	41304252.52548848
9380	44019422.77369333	43442274.38237354	43474988.05856581	41220642.304036014
9395	43933295.549489945	43133507.43795551	43426236.66689828	41039597.58483512
9410	0.0	41580291.3293385	43222650.151140064	40555312.95046304
9425	40048519.03998213	37886950.713651225	39081897.04480195	36597877.8266467
9440	38622841.990322165	35637280.887868114	36031547.35443169	36328174.94609746
9456	38006768.224172056	35608548.11626576	35830806.73750033	36263893.232361495
9471	38278574.883470476	35423891.58396499	35977991.858184524	36111066.71549801
9486	38048328.087314606	35355981.8627726	35707347.98187318	35971771.894797735
9501	38017893.08063563	35273255.725144625	35838331.86638304	36294739.58144192
9516	38094182.868284225	35203916.94885736	35887573.59397965	36250169.13164519
9532	38229959.16928228	35442315.3320144	0.0	36229670.74622249
9547	38014304.43808522	35226566.766683586	35803971.372067794	35916547.44113961
9562	38342718.14957428	35468381.03970829	35778971.4386595	36194705.77679386
9577	35621457.19383247	35669738.903152965	35805305.554418385	34416816.19854917
9592	35486704.48917228	35365790.69593748	35677360.12346379	33764484.11704864
9607	35403952.84562391	35405936.11224344	35732866.079907626	33656038.99246634
9623	35274985.64787106	0.0	35687402.69321094	33645352.74282675
9638	35603821.50634309	35361426.19560454	35684271.295139834	33762244.8472832
9653	35425620.438704915	35522682.475990616	35852049.49038396	33699075.71139247
9668	35463936.72022928	35341894.61158617	35727151.498759374	33708586.312786944
9683	35540744.45059422	35508039.530502774	35899228.28709714	33831526.21590946
9698	35591536.394158185	35321386.181267	35828999.468279615	33747195.1569911
9714	35550523.896994404	35381632.42126841	35713039.75142351	33762700.147258244
9729	35492491.33324399	35179484.03189414	35899846.45329848	33622757.33149388
9744	35724137.236492194	35494728.7834812	35580350.93332091	33712559.988181286
9759	27472771.91917755	35352157.22674096	36050085.09590445	30842596.04054791
9774	23784704.802693266	31536011.43195735	35858075.99180037	27780790.671112686
9789	13041698.511134356	31098954.23654399	32340051.431121346	23255650.794981346
9805	5126729.247593724	31335698.86544716	29106892.75867202	13505950.894472705
9820	92606.67979948521	23049430.88266159	20330472.80144729	6596317.7953995615
9835	295.9878668862116	10812112.115050321	4402963.278772721	28129.425531490833
9850	0.0	28586.55496693939	6180.550935236467	38293600.903333284
9865	41469318.07180268	41515570.03625973	43446406.03668626	43140292.29284857
9880	43301281.20678748	41553623.98070343	43379139.04383439	43423900.15940509
9895	43870745.40892516	41278675.73091857	43766258.69707632	43419149.92657687
9911	43793916.330833085	41460629.97259123	43752596.27753517	43236118.941762865
9926	42364011.673518784	40321771.15416489	43647975.07071726	42635995.349704996
9941	40927206.39213259	37000173.98830368	42096754.938006245	40370092.159567595
9956	38307850.85244355	34106974.84014906	39295009.266299404	38424132.04903428
9971	38110535.93383476	34039614.95416978	38563037.41705284	38182658.53294294
9986	38166687.93281059	33867101.15727766	38244453.17194346	38044775.79131466
10002	38448403.68197477	33575991.748785906	36345540.05259361	37805750.7780491
10017	38210838.032401145	33720906.682494685	35671648.873835206	38258609.20294252
10032	38184688.91370453	33840951.13377483	35728019.75188205	38036702.044700176
10047	38029009.75449197	33839526.174677424	35677377.29476449	38038357.651234664
10062	35571394.70780885	34047075.98196453	36277615.40678561	38350037.130222745
10077	35417836.73460889	33399455.525793217	35812267.76185747	38255670.09982795
10092	35844256.76406255	33434104.45286569	35778957.81583149	37580399.11634914
10108	35466358.35102964	33503095.60103772	35827476.68925927	35340734.89494532
10123	35682277.863821656	33614214.37042184	35872040.58764971	35484920.85923175
10138	35459305.611998186	33601122.58850828	35785713.40868143	35596066.3203668
10153	35374822.98572874	33897658.45537689	36076111.96726562	35528146.02992982
10168	35527598.69977185	33591529.883967794	35896511.42754837	35370914.15615943
10183	35700547.0766727	33670496.432126306	35827082.74331311	35381894.762286276
10199	35492616.042781934	33724000.77290259	36064469.12847861	35816961.46773458
10214	35406532.06354666	33659462.45531794	35923253.36996319	35556050.11996051
10229	35591864.73354769	33610054.75350426	35803745.269755185	35452553.917792514
10244	35587998.931281686	33663612.02601612	36029004.633470185	0.0
10259	35297569.51483817	33954309.89059874	36384564.05169607	35392685.577925295
10274	27697135.26331354	33594481.58860836	35936609.39104052	35526149.165749915
10290	18800331.270060275	33688326.84367898	32132331.52712645	34199034.537964664
10305	11844658.69100664	28756513.674992666	23854563.579698484	26873499.424990773
10320	4194901.709674537	23895429.45832224	20287565.575062733	12602625.09412924
10335	76.82570977871306	17806385.5847824	5167828.065630352	2088845.6226045797
10350	225.48834316939116	6597755.122012135	81.98104525078088	95.8154906931147
10365	3464.9435505365486	31111.046609026966	8504.963361665905	137.95012225225568
10381	43769404.9435879	42237826.32877039	43856752.680062115	3092.3555609920995
10396	43899020.65540421	43664277.29258823	43614277.012541175	43583667.16861669
10411	43691947.81574101	43457313.98281982	43320848.64071208	43226678.488077156
10426	43642001.87792255	43640602.00780296	43636677.12070232	41771996.776537545
10441	43335373.66991531	43246150.62194637	43275090.65707817	40213182.56778735
10456	40088323.036545545	42213054.94170207	39747900.26356765	37558797.029248655
10472	38339846.70309099	39902816.36072823	36321217.9381443	36455738.30098178
10487	37990144.75931962	38418415.91069187	36080597.58155222	36187120.39797639
10502	38051637.77281785	38096454.95449114	36046448.00817379	36227625.82335643
10517	38065520.23214095	37883317.61059514	35957708.10457975	36027726.446563505
10532	38346220.54228643	37873168.929636195	35763583.270072214	36130406.125322014
10547	38128755.87325244	38017724.708147235	35959413.89708459	36032133.1757832
10562	38116263.15905078	37728950.832971275	35767537.23521189	36136044.25619156
10578	36950635.252681054	37791260.09292107	35632096.03959314	36336351.57325986
10593	35555475.96371374	38081042.82072634	35875634.38603656	36070994.219572365
10608	35428588.29070659	37708010.28712094	36005979.569334865	36247510.77048065
10623	35404378.8143452	35409183.11255558	35995588.51333235	35963789.036110535
10638	35277463.449789286	35621118.46250164	36169326.2457604	33891098.44612672
10653	35403453.87511456	35224956.27495916	35735839.47923215	34079115.65308889
10669	35382889.79181525	35517088.82796845	35798997.47260474	34038004.56115444
10684	35401117.38299362	35365413.9451778	35782997.41539418	34014096.458778396
10699	35439396.35744701	35662165.07555458	35729816.471032426	33626415.44927377
10714	35521630.64144168	35453637.85790637	35787786.658220254	33508274.887598235
10729	35075440.879854225	35643371.871087834	35718359.72579722	33602732.32775542
10744	35424220.03763147	35359842.839594156	36144072.9757474	33868696.807068266
10760	35447769.88961838	35370780.2214569	36109362.851326495	33622017.70768447
10775	35495853.230750345	35327973.66646356	35842576.323945604	33623879.06457214
10790	28931415.911528293	35266676.67274396	36066218.74927229	33793942.369792335
10805	26463827.57127317	35435532.86210622	35597289.99775969	30164983.02269115
10820	17884892.515928067	31335737.819492035	35934956.5273622	20081612.367657863
10835	12113373.304688258	26313277.373702236	33662812.739837706	16657546.484467972
10851	3955741.8061974593	9195835.4077772	21977972.50505609	11713162.405025529
10866	81580.56621453242	1608679.8396352548	11508475.80717535	6008532.476312121
10881	157.7127780728042	116.95958794176579	4574974.8811766645	14077.929086477006
10896	0.0	6998.435212639338	11008.343638419723	39848357.27835748
10911	43792471.20820657	43511227.604129106	43572630.33728947	41336529.27449459
10926	38335642.86873776	43559229.65011828	43696288.41470578	41203125.30132145
10942	43897014.39040676	43172569.74839823	43331947.45744704	41563570.98074862
10957	43753240.622486904	43566186.15196666	43583741.71147618	41783450.19824971
10972	41403264.96563995	43567650.35945909	42455395.79206753	40532718.23009389
10987	38547857.36939274	41474944.40234239	36540652.3171116	36689607.591181815
11002	38554584.67178109	39945861.947779655	36388435.80443939	36215555.31743999
11017	38320352.40834038	38098881.46868506	35761799.11760242	36065278.45840791
11032	38395918.28382021	37943836.91247575	35850375.917054154	36306700.148763135
11048	38034356.54165545	37714341.14775138	35739934.3113987	36041058.55260019
11063	38299645.367647104	37721941.42876346	35702550.82426586	35973913.14389549
11078	38120568.55994661	38146029.38089053	36114941.205966964	36281000.114010416
11093	38053144.175254956	37731039.15319333	35772899.040981114	36343644.5421483
11108	37870855.71505207	37744906.55766612	35704017.725322284	36300875.37629775
11123	38290461.57041943	37986178.03542322	35815912.629992016	36059397.9148114
11139	38339874.88088955	37907719.79333772	35897640.66560158	36086553.01195179
11154	35857182.164811246	35663626.027436085	35892175.18754282	36104795.60073249
11169	35445948.19531663	35229006.866394944	35904193.399788916	36464137.42292791
11184	35359536.344191924	35291966.77390549	36045674.01406921	34858929.642948166
11200	35507592.322213314	35216702.08310247	35664003.27167086	33828490.259082556
11215	35399313.901645795	35391003.927602015	35837426.32434885	33811509.68811125
11230	35727122.98563256	35329687.85245336	35853241.17376976	33743436.25512645
11245	35318911.26649396	35252757.65887036	35912145.501203574	33680908.28698653
11260	35599093.17630385	35576027.22762098	35870972.342227854	33695530.94353895
11276	35414002.49882645	35420338.29266647	35858406.310071416	33714243.64795782
11291	35556533.14379395	35614155.74221356	35704752.42462006	33769521.2837978
11306	35393888.7292048	35385036.23078321	35940494.782954276	33341469.473104607
11321	33328444.500304747	35383978.23370819	35883648.47317064	27553938.852348264
11336	14240435.006221572	35428352.57606735	35426380.576440156	25390169.84485086
11351	5573129.1749051865	26905050.45771296	30926676.928442787	22671135.310587343
11366	0.0	8525580.19027362	21568592.323077455	14905006.851440266
11382	75.42008793473244	41539.00185846267	13947307.802001597	11145840.387793943
11397	8187.095145703144	4377.883329187529	32988.21309286199	24203.28724273587
11412	44161144.221246205	43562788.201744735	43259531.84880494	6338.08534544969
11427	38085372.84132398	43508422.51370277	43683415.85121244	41376513.73951508
11442	43612175.94890638	43094148.805557474	43684188.868219376	41203896.99959585
11457	43557420.326534845	43595318.40389143	43863401.253437	40961076.00167442
11473	43051681.31203191	43476261.48599374	43440403.708516546	41158983.27266109
11488	41029858.84800238	42568278.738927454	42834304.8849178	40776608.656038776
11503	38480438.850930445	40353294.53373684	40444878.81467199	39867441.76933368
11518	38264587.37517791	38252725.16238339	38755116.25381339	39272855.53208987
11533	38610698.217740424	37915904.31910874	38477019.475472905	38461730.30765568
11548	38473274.06184606	37950086.08978418	38171832.7450489	38559446.35061951
11564	38192470.16650936	38138743.573748775	38334755.21672468	38428583.25587034
11579	37967006.63218458	38051405.91195978	38147450.56703048	36503488.504382595
11594	38519096.075821966	37825026.27498716	38501114.88665825	36024144.43157778
11609	38165753.20236402	37844456.4648304	38533674.25660589	36385849.11000393
11624	38152247.685361095	37777478.03057739	38419973.41145427	35079186.540684916
11639	37910517.205208965	37300790.36539909	38235791.7880955	33705118.435093276
11655	38337124.803100266	35216483.60549859	38301818.3862956	33921666.46129545
11670	36089623.49221148	35335313.88655234	35942306.472170964	33734100.358114935
11685	35636582.12868473	35263511.57873658	36049986.70930721	33788810.149748944
11700	35441495.159646034	35302453.298882365	35896700.22369664	33754384.094633296
11715	35498392.6748218	35267289.45523958	36325592.060660295	33726847.69854251
11730	35587424.44730891	35450498.83393051	35785434.33899882	33910385.62136263
11746	35501655.330315515	35241972.1559616	35764734.47536475	33944255.36550359
11761	35407416.49363418	35184580.24858217	35944328.20131274	33710132.14472693
11776	35737141.62595138	35139474.14186426	35793995.49925202	33726117.66973122
11791	35218355.03132676	35522195.7638882	35780986.809097596	33710922.471036784
11806	31905641.87698955	35549459.81254983	35756298.64343722	34081566.163663976
11821	31466143.49139618	32476718.5704061	35334211.893327996	33826826.33185519
11837	31525717.873390067	31078229.509193305	31625161.940567683	31203424.66262188
11852	22491543.000760887	29601579.082737684	31390410.808651567	30191495.81790271
11868	7125077.217430598	26561544.523740705	22295958.21347444	25786309.463445663
11883	74610.58922056388	13818646.705804767	9831327.853055527	11990318.256701004
11898	230.76977075502276	2352114.1590195205	4241978.350897312	1172993.8093446544
11913	0.0	12715.893552777357	14206.932516186833	3551.655519171241
11928	43691863.57484604	43295972.068126164	43527859.48320854	41211357.98800129
11944	38029653.354846895	43366815.31957922	43872947.83079778	41139310.80330236
11959	43418527.36747043	43290092.23076749	43530541.01513491	40985941.96516555
11974	44098937.53704056	42860792.38740894	43489558.60291311	40933202.138436206
11989	41913737.54440556	42795079.229195826	43494141.63602317	40601414.772515826
12004	39173520.51916511	41410273.83559716	39928790.84631868	36442506.700005
12019	35731220.969117865	40452523.999969	36259770.815295994	34121559.437641285
12034	35658303.352471896	40760891.308087885	36177707.628175706	33894179.3569083
12050	35789253.62884849	40164662.736380555	35888966.62715918	33700019.411922745
12065	35550264.709760405	38779057.42800424	36020489.8449828	33845116.675217465
12080	35353180.3078997	37908742.051273406	35584911.83564428	33740750.193909675
12095	35573737.22463713	37872663.6653922	36068219.39778292	33655824.94114339
12110	35537142.98982815	37906900.449526966	35863154.645379186	34038691.11577248
12126	35647135.169182	37844408.1974948	35971110.17209047	33639791.97641269
12141	35479184.41525982	36002054.0376888	35975068.03391152	33729335.45682667
12156	35494963.452784516	35440581.749290094	35808692.73991635	33834259.84186878
12171	35471211.39776155	35406827.49950233	36043102.00600849	33572251.332666606
12187	35462593.27460211	35203420.79502511	36106397.25733191	33744166.41576887
12202	35557716.50103385	35949490.20165011	35948496.79621204	33636662.65427395
12217	35489258.48147738	35269170.56438157	35941236.731641166	33694685.677509114
12232	35433410.919801526	35193845.56216501	35690511.46214274	33613813.380205765
12247	35626581.89401269	35214498.89513142	36051654.14031849	33697546.24895789
12262	35661664.09275879	35241988.365500785	35823759.00885312	33655065.7929684
12278	35564080.26086107	35441880.997254156	36117373.91032257	33436719.567518428
12293	35560676.313391455	35430214.0919416	35734526.36573417	33660119.39117376
12308	35286972.33924284	35194265.45449532	35618904.579356715	34221250.48129052
12323	35481941.72286322	35216013.8741505	35678490.250354	33667106.72733847
12338	35544888.38511822	35279525.73418638	35647704.08793654	33809055.110667236
12353	32396641.99290087	35471670.358430445	35719771.079386905	33546524.523685575
12369	29659525.20485966	32232382.431390822	35563162.886478245	29050702.50152359
12384	22677028.388361894	23315654.622602787	33517541.153080735	22333817.941245474
12399	2070105.971695814	13903491.54925794	26191204.527806472	19123667.96732644
12414	225.4368270841241	3062932.1553339134	8939354.904656837	11991705.478699498
12429	77.34494187511504	127.50869966596365	967967.4409376967	8685256.077755552
12445	2044.9591047923918	2957.683544099033	3019.795344622489	16409.848070085012
12460	46002540.23946436	43437053.63114016	44524850.9939371	41272471.847643666
12475	38227847.94786827	43351535.45727331	43507817.69737489	41011374.50651123
12490	43519114.30237042	43484816.77794263	43864560.24879123	41112321.50830454
12505	43763602.05074978	43721226.6895631	43665154.06757791	41536640.16532546
12520	42060960.433893904	42314391.17911591	43784568.488588355	41081737.78467387
12536	41422980.27712807	41822215.292634316	43572887.134563886	38463179.463406414
12551	38142427.8917275	40238685.86890802	39575017.24053345	36559117.172490135
12566	38478147.239017114	38237057.17804621	39010593.555509046	36676856.00517692
12581	38324908.237509236	38043290.05457607	38782067.60537119	36196393.0555064
12597	37905531.53869434	37622834.71294698	38294668.63789063	36355838.98052697
12612	37997885.010947526	37864078.05783662	38874207.74580378	35947413.318506286
12627	38713682.44880889	37729231.97253101	38703205.16997416	35863529.073694974
12643	38217740.315611124	38183609.56043787	38397241.7151141	36512174.40143551
12658	37275959.236948855	37993552.41707829	38178507.66081605	36054631.681972995
12673	35453410.518473305	37826237.86948862	38369237.80825929	35964985.1023889
12688	35875714.203552164	37929039.48180355	37452712.71084329	36198039.89547603
12703	35529225.06248374	37979795.9662715	35992727.96916394	36167844.276410386
12718	35659714.623641826	36293767.814126134	35984925.57671943	35067703.12712383
12734	35581499.39927105	35276716.89348213	35967198.976860404	33716762.1443975
12749	35639810.64260489	35586080.967524104	35718904.94933537	33770323.674115755
12764	35740575.00149686	35436923.761138156	36050066.29605015	33699679.83961719
12779	35303047.57200048	35468275.84838076	35756218.930864535	33903019.18634661
12794	35700146.40205788	35580153.9812715	35891076.28572613	34075190.762107894
12810	35382553.5620835	35481806.319231	35912784.00714823	33557802.009891085
12825	35473037.255247794	35489875.51416166	35883435.67371209	33677662.606790006
12840	35471310.45752492	35416010.31491622	35670506.73465977	34133883.4554388
12855	35451076.9521885	35338756.79014162	35755292.23673246	33736449.9248274
12870	32218368.573443424	35278024.63574546	32240757.934323985	33720205.068390444
12885	25012178.601965636	32711092.499236062	31506263.31699522	30795691.82266418
12901	13543432.849129409	26338845.63187269	26702451.354764093	26574121.887507394
12916	2242006.946327679	22232182.688829206	15331269.91838286	14504208.417448075
12931	82.18189429283142	3266030.1077623367	466700.01685035776	4794595.94019049
12946	5025.697576456899	6146.879640347692	5840.968130969144	10359.702129212208
12961	39187082.752623364	43018776.35607763	43455068.03697969	41235854.903821446
12976	43420636.0333065	43439759.44422286	43638426.264439866	40851734.7166208
12992	43659651.96251432	43152931.798535526	43480291.106311746	40984636.390642
13007	43806030.427457206	43821335.8911109	43849622.60267501	41114693.99932558
13022	43658672.98472437	42948038.129155785	43146823.87282055	41110904.34933408
13037	42411582.20173323	39865470.01355843	40295351.19694485	38964923.53118551
13053	38735096.52156112	38235679.80142582	38984890.443084314	34257462.96330008
13068	38167807.73367841	38285675.47540417	38669101.98585813	34015259.11107694
13083	37959954.482038334	37886558.791570306	38487175.49125582	33889257.16295827
13098	37979053.70625985	38037220.27103295	38400197.59627663	33730747.83699292
13114	38240823.74217811	38055052.795198016	38800155.55869917	33737756.40088321
13129	38272709.30594641	38407476.39115029	38303930.47955809	33688540.50912801
13144	37867355.785388365	37843530.610910974	38778389.11694159	33667666.32316279
13160	38019082.02660839	38048421.93183102	38515818.93987805	33892391.438398615
13175	38107591.113881566	37826026.07537113	38347578.70513268	34024235.28792117
13190	37719051.33351532	37793034.23081841	38527070.9208454	34081388.31176318
13205	35365629.134260245	36055894.06711133	38101623.89838123	33796449.22695393
13220	35680114.72189367	35395231.92345702	35938355.86569283	33759154.319489606
13236	35446657.045960724	35524665.345346496	36020927.33149843	33832294.787428774
13251	35701142.88348107	35527389.20608087	36075331.769580364	33823426.35953825
13266	35397797.87926443	35296610.20121522	35715592.92116442	33656317.89494216
13281	35307236.64582418	35286202.02708025	35741218.39596459	34047499.666844964
13297	35283734.41995877	35251471.47283648	35884577.55670771	33696404.33072198
13312	35896655.399729535	35403774.167367354	35682295.844032586	33712863.96988177
13327	35666554.87142698	35390620.29111659	36050674.356267184	33766772.53551853
13343	35357815.71504297	35543143.43512426	35660003.14047741	33676536.780754596
13358	32772755.55577624	35394199.17180165	35810270.891975194	33587321.20904948
13373	31611704.773306955	33309624.286437593	35950157.03199218	33863645.27862531
13388	30503003.70692591	31188919.305357777	35933564.268929765	33837536.1690396
13403	18640109.47895359	31357215.49484533	31063535.793314166	31669432.45037323
13419	5712833.6560719665	29159344.021765266	18417089.513725918	25797102.686744757
13434	51549.72286150455	21610718.02728909	14222859.182662157	25383131.93016126
13449	149.58878209881485	3232665.5392142124	7747743.881693946	12027758.961048244
13464	816.1729109369126	1545.1053446617348	36783.08149057456	25358.468079408893
13479	34271319.415967435	41844258.20432175	39055908.45874774	41006623.016303785
13494	43443395.380190976	43314865.43994207	43550113.429929085	41444333.53258917
13510	43232382.84968541	43501888.3802704	43540210.22669743	41258551.38171136
13525	43663027.897448614	43467903.8837455	43898034.98214693	41337692.50040805
13540	43462039.97204041	43423289.32202545	43651537.7768142	41380121.722275935
13557	40938106.124991536	41504296.063395776	40529563.42516554	38408366.58752405
13573	38957577.18418173	38140597.17266297	39005115.92351857	34358237.484390795
13588	38270319.007977895	37895701.97571928	38681407.66346249	34027692.07143576
13604	38219302.67792967	38147197.84027863	38515115.44392825	33822985.35924145
13619	38197495.40612535	38014148.642593406	38277781.63754562	33723039.73108589
13634	38047911.50276567	38049997.355493054	0.0	33814221.37430478
13649	37720591.156901434	37991835.41548517	38366511.97032103	34045673.48699033
13664	38205358.57785778	37851416.501958124	38567891.23614666	33576495.95203105
13680	37855665.126035914	37950660.23725703	38281044.92070583	33905897.65219502
13695	37819180.32168229	37776086.92874372	38682244.20130578	33759085.047627285
13710	35456511.351586625	37906329.8966502	37101110.893312685	33756771.88609108
13725	35716323.36511529	35557844.14688361	35966970.18155919	34083686.82320915
13740	35334741.37680368	35472353.668357775	35681135.36804406	33859905.17687396
13755	0.0	35516456.88975944	35793643.331522755	33866558.08039699
13771	35560570.139689535	35404602.76216876	36111688.79371493	33704679.97107201
13786	35344972.843467325	35146156.16095924	36324633.90052345	33740919.88583976
13801	35566720.82746409	0.0	35737582.23805877	33575701.32292466
13816	35371147.505559035	35443159.0725205	35691364.919533305	33918614.95993433
13831	35391450.3208123	35478667.84005785	35912591.39748793	33681147.35135217
13846	35527279.83035283	35562221.38693181	35750074.108269535	33671110.31386009
13862	35378836.79506991	35459761.27882417	35789809.7711599	33877542.85604539
13877	31968892.835324995	35423865.91175431	35733817.842042945	33914311.53329241
13892	31534696.519946586	35490654.047186084	35931984.73930946	33744474.90477917
13907	29806594.20244804	35303110.1334882	35654346.19225211	33809205.78890248
13923	6524491.414942924	34238732.37381544	32748165.02524386	29403153.418749426
13938	2685775.2427288713	14925858.249565639	18329947.8297941	17489957.148640186
13953	45481.97973555812	5528198.196921192	8260392.003187247	14453549.751084236
13968	229.85331423517317	53.369518416202624	949028.1773228374	11096304.051308157
13983	1063.56347219795	5681.3634220531585	6463.889653855451	18983.735820998623
14000	44953986.632554926	43405926.74681339	45820082.057292774	41350817.24101045
14015	43779740.96804231	43605496.70569406	43577996.38080365	41013716.0415554
14031	43960215.50338059	43518168.6437696	43773913.43167404	41375091.61999502
14046	43363640.30283477	43929054.75362788	43501096.351848856	41295363.04207957
14061	42814387.87800435	43049669.90006859	43375477.33431837	41071065.41263878
14076	39404987.145968296	40492605.165483095	42405227.25964864	38260805.82856024
14091	38652345.31636021	38412903.38047865	37637645.006794274	36732925.94381753
14106	38603412.955052845	38079373.18994463	36031462.10659749	36785769.497112855
14122	38460928.5520011	37971273.16173563	36088702.07190336	36006696.44108093
14137	38028781.927536294	37908042.98008472	36082451.156868674	35993640.63698293
14152	38341968.42583223	37983912.708355606	35674544.92862734	35972365.225707844
14167	38138267.720271185	37857899.91433325	36062023.78205455	36305812.77688824
14182	37936572.50923525	38302071.87898267	35913802.55114274	36110038.28303123
14198	38187067.606695294	38001980.15421445	36065997.790126726	36060906.13189618
14213	38138831.79460205	37836832.936423875	35908759.22731162	36328956.23076521
14228	38035885.626107916	37825291.2562423	36067294.58429006	36223040.33806223
14243	36002931.26170016	36110119.47809682	35712307.50808336	36117659.80530532
14258	35856294.89075153	35400731.712772705	35673696.6482068	36320356.57685961
14273	35458459.34606706	35510156.71554069	36027768.53903878	36265787.30931515
14289	35692182.282815	35377243.170675084	35794963.51335947	33735478.84295139
14304	35474095.6520955	35398370.35643929	35745037.818383254	33823674.99304237
14319	35551406.797284506	35435597.09484877	35792673.6963061	33887915.16946156
14334	35576618.3878702	35684508.27605632	35638517.45146932	33874157.745541215
14349	35038622.775917545	35412533.49021502	35761820.32393426	33833433.269151725
14365	35637928.02562464	35573810.46547134	35711467.77806241	33558318.15468061
14380	35408412.71559559	35213545.08531034	35896948.096801095	33781524.96477752
14395	35452654.90388913	35425657.44763197	35707919.32443847	33939909.34806913
14410	35199165.10742539	35381888.354016304	36080357.72713448	33596136.403542906
14425	30129703.149767317	35776428.03247781	35328941.773675255	31875074.468565185
14440	23843388.009613413	35266714.73138078	32246452.68033948	23387090.749601588
14456	10548541.498931762	27352763.648321647	31564219.99816511	14137152.285598528
14471	2019848.421169514	18147491.29341421	24570201.01016688	10547207.396034671
14486	231.87360264346003	6679980.301537486	10895435.81895473	8004708.191452469
14501	44442553.74395919	4503.592694610902	14339.121085274579	15855.741577985753
14516	36211250.12509446	45092835.609376915	43686281.98799572	41148671.009304166
14531	41481094.5169929	43496562.48684921	43593196.25432873	41078251.82287549
14547	41387293.22417821	43624383.17028467	43462828.59117249	41528305.14744064
14562	41052537.49572156	42973753.759549454	43505727.950861394	40925588.46364498
14577	39704117.139866695	39407484.15510038	42279658.13485232	38870851.668746
14592	39044677.81608607	38542335.60883426	39885502.18524754	0.0
14607	36961220.3935403	38255504.335709855	36320513.39851121	34255586.821428396
14623	36216767.05567403	38050634.524662375	36283774.126834884	32561916.775319025
14638	36198970.691023506	38032786.84095834	35786911.06749742	32559636.01110311
14653	36374590.22740001	38095254.045021325	36086701.10287235	32546125.370763887
14668	35995626.003182516	37898472.86517458	35766867.12335262	32073698.887482427
14683	36113164.89169839	38115848.405705385	35853167.68391988	32440687.985466804
14698	36232879.3499739	38004403.299152635	36067822.13885498	32514397.286496073
14714	36249597.59823754	37595370.15396409	35910803.98516019	32426285.716463726
14729	36352883.6537315	35267387.043873526	35995053.36078711	32257242.42455776
14744	34679534.89607079	35357945.96408948	36067237.95595536	32762915.454826333
14759	34011625.86005863	35372487.46918893	35867677.29107646	30722229.661060467
14774	33842506.027822636	35444771.91807528	35651851.91496906	30409953.87290123
14790	33722849.477497235	35582928.126006365	36107646.202880636	30308813.173302114
14805	33954298.99252477	35501575.881321765	35916448.62106386	30422783.4770415
14820	33774776.55777728	35491458.851686016	35970551.06559696	30451326.578662384
14835	33947849.47761386	35387086.455517605	35956715.98964979	30192124.9535268
14850	33783964.23075473	35483293.495645866	35798867.970634826	30228054.050992917
14865	33881216.523650795	35458695.044034265	35890828.375268675	30351186.93850293
14881	33628480.682545856	35635845.96537811	35682820.20786577	30543032.103773758
14896	33655130.24396836	35370274.07493612	36070125.3172453	30328948.582350023
14911	33888654.24222159	35413018.49882576	35622100.834731564	30284915.581208326
14926	31394464.80414715	34155944.7014371	35792378.6004679	30295381.28917229
14941	23974581.44987086	31354510.97362488	35419501.00379022	28905491.500318937
14957	17689289.87691903	27248485.974134807	31881655.784999337	26699382.52744959
14972	8207998.990949957	17355461.0241115	24186257.268283598	23980246.554752618
14987	896530.8655695454	9626015.325711502	17082432.34052444	15889621.332332287
15002	221.8796510193078	3022944.2985569094	1205733.761781306	7783504.392946977
15017	2316.9943758633544	4572.2358216777075	3055.7074774925595	9692.32389189694
15032	45950672.21423016	44113848.15173046	45241774.53448105	41139088.56386258
15048	38264793.48317002	40959559.73755427	43238079.694973245	41480887.46395425
15063	43857531.25921535	41195726.06502863	43526325.321625784	40726764.615419716
15078	43638292.07209093	41293403.21216331	44051898.23778553	41051932.21255262
15093	42441329.705483116	41047738.467474386	44141226.289049454	40460973.24169845
15108	39908440.719043	38761434.80076474	41622758.35598979	39347920.61281967
15123	38339164.54004219	35097648.08156907	39817649.90730545	37191408.45144276
15139	38275718.080287844	33825565.54552135	38589196.3210374	36513978.62183335
15154	38114555.460221194	33644117.57321144	38317090.6941498	36310510.90828442
15169	38185238.47824064	33579319.15607069	38672088.70793772	36180276.62501161
15184	38159992.56309507	34018403.73072478	38807098.51787636	36389307.20672313
15199	38213085.82199857	33699656.75981234	38404765.80648496	36244927.12658474
15215	38005556.237788565	33631337.98246592	38422420.362117514	36303656.91510014
15230	38133638.555354856	33790892.51648266	38467542.06920534	36279642.179465055
15245	37258958.97185092	33800593.75997138	38430646.41900964	36256066.43194335
15260	35030827.35211405	33683506.99173309	38620993.913594924	36420025.87187924
15275	35439975.94660503	33778773.29034654	38183361.7692741	34638405.4894821
15291	35767143.88375765	33788621.63465549	37445598.31724025	33793269.53175991
15306	35557499.413531475	33696612.068666354	35768944.10117151	33633910.270882756
15321	35844820.89190452	33593339.22936184	35743135.41354408	33808456.943957545
15336	35975083.030000396	33798013.51674913	36054938.41231736	34071721.636149324
15352	35378705.439581014	33651368.793921426	35852067.06051743	33804032.395915985
15367	35611830.405896485	33619618.65425558	35760613.44481175	33841108.88703611
15382	35671721.80986064	33571686.034667	36214363.484134115	33681476.33254578
15397	35502068.77306547	33790857.968002185	35676285.515839696	33617651.14007187
15412	35339070.71383942	33576955.02640906	36059849.03641057	33580315.2259592
15428	35878147.00937689	33611080.48781783	36065871.10573852	33722253.13512373
15443	35622748.9067654	33677009.78681903	36427564.70382571	33778741.71677966
15458	34994341.288779676	33974217.922322206	36007752.34664685	32637757.28433905
15473	24491109.828090597	33698385.91842216	35925956.922289655	26578287.934655745
15488	11466805.103560697	32896235.87627309	27835321.228504933	23040119.55022595
15504	2730520.0438346197	30335618.859975383	13359738.082398847	14236816.958492605
15519	4334.9181707013395	25220992.07247785	987247.2271186789	7820446.932526286
15534	304.3484104424715	15112530.177918145	152.32380423271098	11438.05660001696
15549	0.0	22249.17636830516	10016.963942741091	39249318.095911466
15564	41565766.742317885	43217728.67701818	43671111.733478256	40903059.37889567
15579	41520196.65669064	43444486.78034617	43948168.193412416	41229454.354998074
15595	41641661.92450807	42700418.04057977	44053703.742335394	41158677.71752526
15610	41772070.59598092	43866857.2049915	44039207.25105463	40531711.89714482
15625	41184891.02075613	41932604.719420314	42776038.13564038	40531515.023831606
15640	38812853.27228579	39394388.067549385	39309894.46702509	38575559.98368246
15655	36395830.19037731	38211313.21383364	38773110.461427234	36159769.12729026
15671	36372081.248225085	38169644.1666618	38617520.74493888	36134848.24855372
15686	36482917.56282808	37985810.077503145	38251512.1028879	36268413.80194214
15701	36266723.03760496	37876023.04095548	38433493.05014287	36168150.55901237
15716	35514381.15252109	37830970.860511534	38533972.882499516	36019436.83688949
15731	33726778.09216411	38011961.33600462	38413571.884855844	36001418.916761674
15746	33916030.93275849	37913319.78445022	38286489.689265124	36019471.73634979
15762	33894645.774711244	38087605.21077697	37693124.205883145	36268652.903101765
15777	33719993.81890102	38236715.31687716	35997073.94561378	36010894.955643184
15792	33951830.196684	37888376.396510676	35719532.64384866	36287689.261464566
15807	33908893.88208876	36938554.84143003	35780590.45804608	35974243.207392246
15822	33873102.243612655	35297218.9908622	35773101.57097931	35449286.27518454
15838	34074157.89492735	35408772.16466893	35805232.11521265	33640453.07914941
15853	33604566.84664391	35268350.48268731	35885150.89692022	33619148.318833746
15868	33674174.88736683	35500776.63670115	35778883.70165599	33767702.10585517
15883	33716625.02285999	35624836.267930195	35761868.952390626	33669842.62814272
15898	33697073.72247377	35823151.110124044	35763488.374664456	33785135.19295719
15914	33815617.39224006	35480719.2323588	35906501.16379459	33950060.25792433
15929	33669333.04439379	35337161.10698219	35648372.33579375	33748003.50159334
15944	33680068.04672007	35373433.707566686	35683304.306670494	33831718.90929136
15959	34009450.49766096	35504203.96024202	35902702.47838982	33735172.432417
15974	29280409.85816759	35494325.41996328	35298298.65153914	33944171.10183928
15990	23936986.506408516	34233738.36784493	25948513.96751062	31313858.707523037
16005	17100915.876275755	26497377.468272794	19285358.38639522	28718296.62422269
16020	8113201.9493096545	14325519.141499797	12189013.92664193	19562197.572153635
16035	151.57959431536494	368400.95657876926	5795724.658410801	7703243.702827917
16050	2954.2644391253125	6430.620526558347	14727.942920176683	1826.4418880070373
16065	41648312.63272436	42853439.51016539	43636545.97657187	38482940.24502654
16081	41610320.08534659	43673606.4748542	43785077.18716814	41253623.663512334
16096	41558725.22142871	43437065.684342	43614792.08454845	41375107.3173767
16111	41513762.801638074	43624155.03004657	43677941.81980023	41486246.734474875
16126	40643871.63422312	42350697.73356395	43715263.373895206	41283379.40870922
16142	37633878.531768695	38692315.62951519	41208401.349985585	36190219.990007535
16157	36809885.79055637	38611514.61014951	38557814.49573301	34116191.772661395
16172	35856693.457161054	38142976.582440935	38351304.28765965	33829461.89333988
16187	36142279.92051242	38092523.17715922	38525487.082157485	33715312.39488013
16202	36415815.32349422	37971698.51852787	38394225.81373016	33473880.54477833
16218	36506158.65749603	38127445.863456234	38416298.416310534	33769396.14998462
16233	36206556.81181846	37981171.678363405	38287925.91354671	33863361.229132436
16248	36335931.67019762	37743917.774224006	38369091.455267295	33957778.64534234
16263	36212370.74512639	37864464.6943961	38238424.814151466	33767676.92794218
16278	35102732.81784391	37933898.282262094	38140349.81850333	33522165.626135968
16293	33906565.3322794	35514518.839168236	36901585.185907446	33779070.271876685
16309	33708142.428073406	35463444.047685534	35556585.389704846	33675362.30083862
16324	33922535.417039745	35296980.94654239	35998451.547986634	33792799.12381269
16339	33897618.3832456	35404500.31746085	35697504.008557245	33681781.30751116
16354	33788854.47011788	35770472.4401372	35700736.87771891	33955095.45914501
16369	33707713.343461305	35496208.475763455	35643118.809370294	33954301.78715992
16385	32013913.446325332	35571295.80807825	36023971.67391906	33661447.80491033
16400	33846967.80509903	35261183.25870865	35727304.93687694	34103349.387420595
16415	33828588.75510897	35441564.88746009	35924417.916764006	33710088.12004246
16430	33875264.50599382	35500623.789498046	35920885.137082756	33781523.32616577
16445	33612515.93778813	35297027.558766395	35738252.85125851	33770416.31946042
16460	31734844.329114117	35370267.380437195	36158912.843733005	33732082.168044925
16476	29972580.42416013	35538987.170857	35612203.95051799	33563354.93039899
16491	28574096.714617565	35453487.94230561	36026750.237807214	33600789.3846589
16506	24987658.490185678	35240332.91675174	28396961.271826047	28382658.01732723
16521	14026794.352409268	29222283.072993193	22401933.25908507	25559528.261622347
16536	2925510.2990109664	9047244.553542545	10314805.655244378	20666404.026345726
