Tiempo	a9	a10	a11	a12
9	0.0	5389.946721782284	2188.9813096995654	16683.646819011123
24	139206.51655215502	27316.5715514791	25689.58913540491	1121.2500108151137
40	143311.63874361693	26348.47331889873	35355.662886764374	17681.529799129443
55	356975.32292251586	8040.8468597719075	29292.28712120708	23692.250942384155
70	0.0	215.03275042394176	150.32544359335677	5335.969568749778
85	2068765.2537106513	46.26327196508646	155.37891262083315	44.24692836280912
100	1079.6155099328607	683.8559114366769	1069.7337231434137	86.09944653896615
115	1516613.7575376297	264881.4595094594	272108.95962761046	1955.1733831154554
130	140280.6313512826	25547.103636785156	31248.07329130452	22849.73397074774
146	139152.84107476845	18807.443714724453	24002.58420015447	16403.318602414427
161	0.0	1591.3161452233792	2226.1808593461287	15032.357105780196
176	0.0	138.67677419445477	224.00533736050127	86.39397528936155
191	1666528.3151215687	188.98922523414717	226.40811184745283	172.0244419834204
206	1029.27636305362	1052.4590167203826	1689.839533421905	468.027461013319
221	155193.6688855171	20328.624927618093	28674.467602753604	18174.658398609456
237	132619.3961323393	23130.532645118237	31936.933588360327	22099.575963235126
252	0.0	4552.632348046862	6111.237181566376	16201.150336544308
267	0.0	132.06735734855755	224.3408111316478	87.67070816584862
282	1310212.09420187	89.44960709586739	75.09718516387045	130.04602380056866
297	0.0	2469.167020780593	2654.621204737783	2022.0942188048364
312	0.0	22748.002162487468	27495.39299245845	18560.78448531114
328	145579.86821619034	19913.531816004666	27533.47785985	20736.543229264767
343	541491.4108374548	10213.038441910408	15616.18052689098	3902.8892326784135
358	0.0	158.13563407009934	240.8103324486874	179.52302045300604
373	1803028.2731795884	0.0	75.32963115936145	42.99816601043567
388	0.0	1918.5614541377313	1051.1313270699977	1973.4208425419777
403	0.0	23156.06166202724	34091.11715867265	13951.947332722242
418	0.0	18665.615225221874	25071.26404794614	20778.123973037196
434	282677.18435628415	16825.22717921039	22784.058104334254	5552.366061452776
449	1992317.1415208816	89.29145915018394	149.33778499305248	84.76714560715482
464	0.0	143.38806542403995	149.75581290584057	128.32996720276773
479	0.0	2386.7332266515123	3099.4340010365095	1906.4455339463427
494	12984.861706710195	18881.64723141084	25815.76254883504	18617.11915358319
509	125756.73209633719	19551.502414888142	28775.71315944381	17625.312224225923
524	152928.83569890977	18543.47446938674	25032.473165034055	7603.112486646976
540	1987457.107943821	132.76600157978945	148.82249814931302	127.51592540269252
555	0.0	132.92323812281245	149.52593750758098	87.73886996707878
570	0.0	859.8379719871562	1847.9409020498395	2847.9305019604226
585	629424.7939314494	32362.28329631011	41768.11680684745	20845.906686025563
600	126863.18002540589	26481.13637649246	29167.05897850376	16733.543372457727
615	142189.43878984213	18547.196984784194	25721.463091133613	14062.465479277818
631	1653219.4166381264	1254.6998156652598	1816.0526862004492	84.32314010429197
646	0.0	98.58243938212283	320.2705727014504	42.52370655560866
661	1584219.1373415184	201.55317123234272	148.5902866395563	2758.4128288074116
676	2336.7237143271605	1065.8272655037883	556.4904192550573	15911.773935704688
691	121561.25288660698	20889.613878248783	23890.88908745572	19103.542061127657
707	0.0	23072.757262645664	28625.851159646027	17270.966588368716
722	0.0	3928.8084484505653	5759.018981634546	460.0772580939811
737	0.0	44.9208404801786	150.5801072287932	86.09947004905902
752	1983210.3391951823	178.56152262048795	298.88254165649414	283.1937008710578
767	1169.8164623168484	1036.8908021940663	1667.3947769012207	350643.06715206435
782	120431.77678505659	21098.954212221262	27547.577251730338	20875.706077793966
797	0.0	24029.786006247996	32909.804372785555	15384.7383884981
813	0.0	5314.567365241191	8760.695347431138	1444.2736686842982
828	1984674.8880722045	89.53257982194424	0.0	170.56162559654564
843	1850463.987594948	135.43715602487325	296.68607033576814	85.49077268213034
858	1348.6057580702006	1494.3948231488093	1607.6084520273423	1517.8855844693212
873	0.0	23538.09297901511	30416.53546698465	19457.13412700258
888	130770.80596251287	24124.53790752384	32867.55843166988	20661.090753611912
903	0.0	7822.037517633638	10645.218960725693	3559.472839638852
919	0.0	44.51672774921637	228.25152544459328	216.88824991830626
934	1972992.7434956809	132.7341540933447	80.31115992031991	42.77521300809458
949	0.0	2420.0400256198136	2122.9562099431455	1996.8078028761595
964	116367.50601625443	22835.769777560792	30325.733509462676	15350.194260986224
979	134196.97566235543	19473.48082824871	27750.765619781945	18599.669993159918
994	0.0	12146.358880267664	14880.870250224176	4054.5825617991854
1010	0.0	89.80889810814523	226.8592557236692	44.52221277751028
1025	1809459.2649844121	183.5463694667816	152.40310367581435	143.1663904909417
1040	1610.3730775570405	1450.3085709804295	1548.2493556246163	1916.2609271264262
1055	138513.2093727112	22238.762544482313	26899.198893119756	21593.133234076202
1070	140843.47704036476	20516.532832796118	25055.196931524388	24107.197536322557
1085	198913.92686047667	18502.694297975748	22389.431736925802	7262.868413902615
1100	0.0	143.22941149869	311.66731475651267	128.9895051957853
1116	1991756.2523545742	176.13980119919404	223.46273272155787	42.94646553184837
1131	1398.7132668677812	776.0422454870865	1695.250497118011	1891.2893852209113
1146	327331.3425398701	56009.57463317321	63907.22636584053	21030.25272417419
1161	134586.16844323883	22123.42907053374	27749.90641549928	16004.260233278499
1176	0.0	19219.79244665997	21764.1693503584	12956.050247963147
1191	0.0	1693.2542681059238	1294.1925989588722	130.31794085569214
1207	0.0	95.35966522302479	377.0571391370147	86.15526065954938
1222	0.0	151.8532398122549	80.89353838384152	1849.0370029370488
1237	1066.3863798996247	1035.0926613909005	1676.5872894930558	14062.652646564344
1252	121851.68409850565	22233.08973744512	27287.5810849329	22047.262686420887
1267	0.0	20655.269753135686	27557.494626789958	16364.289794274066
1282	2002489.3805352307	3632.4754644820096	297.82604657588524	173.5501708817482
1297	0.0	143.56053677754477	74.10082864148542	127.57881348431111
1313	1192.7148241984612	143.56053677754477	74.10082864148542	0.0
1328	141169.10135277107	19414.629754014495	22264.098132826606	2028.9165368193387
1343	126864.29885786294	24145.43651335554	28394.905961797605	23479.777198428146
1358	0.0	6471.952547590248	8178.769959435867	18673.025006362295
1373	1970693.8813128364	162.55929756345694	297.6557764319703	2897.101500631077
1388	1704468.7973202467	94.89101999913342	223.8795098971948	49.11253121140413
1404	0.0	1952.1055440037603	1577.8972594097258	148.93708324835637
1419	150497.44904628754	22111.34486350217	29626.654953652058	1490.1200002768635
1434	0.0	17774.56242075317	25857.343353555905	15458.624314056338
1449	392888.2176197434	13837.442931560494	16215.477120509744	19705.572607662863
1464	1910203.2322952712	135.59559239113702	75.32836502349004	4875.903757681064
1479	1956861.7270031834	148.29721056839918	152.06016238465907	140.5830593714118
1495	1552.3411069051922	1421.6847535415366	2038.5081258202158	87.05112918426283
1510	131097.36007507172	19325.782490297282	22785.963597413225	952.8499411031604
1525	132166.21409449214	23127.02714029447	28653.203723238184	19993.446141786408
1540	0.0	18906.938705263135	25401.710791302918	20761.743538195307
1555	0.0	122.46976110182703	154.20137559324502	8381.201018796208
1570	1970173.7896935495	49.906981358034535	225.12008993192578	134.2839456664026
1585	0.0	2327.8762859796407	1001.3676899682265	85.83947581403889
1601	128899.93015509099	17365.162633687632	24726.829089121016	1886.5018203936518
1616	0.0	22656.957519326046	31095.013120746462	19801.25082979202
1631	0.0	18524.196863286495	26687.640667836273	16627.396414691695
1646	1653078.2691847945	1058.156354466304	1418.3472328217933	12629.734950423985
1661	0.0	108.45307288398966	223.4366291918233	85.50641379296779
1676	0.0	177.1839263710566	0.0	130.07394898831842
1692	0.0	1591.0475822528265	3849.029985457058	1387.371411848031
1707	153786.76517760826	19885.250647883964	27649.27568250183	15669.167792325874
1722	117289.98476192504	21184.203699846268	24479.899408255304	16817.88849989492
1737	0.0	3179.3354945332417	4729.294624770935	172.2393935338594
1752	0.0	233.24077826384453	151.28100747760385	128.53869612000884
1767	1800997.2731280327	106.08638637661002	149.50189440399407	707.474070108058
1783	1199.9146793808277	1037.3633171613515	1106.934144873731	204811.47746559896
1798	131703.09031524658	19102.334371367182	24667.319237831573	19803.670389685874
1813	129267.3828842927	26907.27982715223	28555.79391414261	15107.959867000953
1828	0.0	6061.9329369081925	7438.268050037512	1327.3188406961226
1843	2007265.0257206536	178.5558740375843	162.70284931719303	0.0
1858	0.0	157.60666847996413	75.26770786569453	218.74493815340102
1873	4148.178365842388	2513.463740640599	3654.913106571893	498.1832415928971
1889	147511.1319775152	22399.92461322382	28289.3594645007	16136.62257031559
1904	133274.23224372865	22969.79484803803	29142.59125683865	20104.004758084306
1919	0.0	8665.805914307088	12201.391800909787	12655.77852729533
1934	1973914.1522836303	181.18975747972726	228.74914111793504	179.93257000923157
1949	0.0	105.45921550998465	75.43565506637097	139.5265525754448
1964	1511.798236223287	978.6835189762711	3138.1679128977657	1995.633706164863
1980	146675.82769581795	23459.906601286624	29164.7157911611	14415.949852612386
1995	0.0	18475.494522350276	24005.151845305263	17499.18860419497
2010	390266.52823719976	14022.96227873765	15563.945105610454	5114.607151055485
2025	0.0	177.73286716675386	149.41336178138852	86.6273141824454
2040	1904742.0009847165	49.44504971578717	148.11037621804513	128.41706890203056
2055	1591.9190273733857	2915.5603425332533	2056.855595010258	1467.0542993285694
2071	134957.68047651486	22711.074291890858	28453.065301951137	16487.834063944596
2086	0.0	17959.32754196393	23968.102262177777	24456.470244357366
2101	0.0	17340.367321660073	21626.85125257239	8213.490692587173
2116	1972669.5701890946	217.93118373334408	310.69068520041185	130.9762061897479
2131	1888554.3100579453	0.0	259.2873656184599	42.98071355387103
2147	3346.5312224940953	2034.5842189203947	1040.795791016221	1898.4123049736022
2162	183515.60247302533	23217.37015995108	23865.175603510885	20023.148417409433
2177	145159.2852674277	26993.424674173326	29125.44184393847	16599.803383163813
2192	0.0	21968.8769561417	25388.379948782025	10769.014141234384
2207	0.0	102.2801162902359	310.02524177851154	133.57221861150114
2222	1990561.5073994352	99.93374525645748	75.21151583971455	47.95775192379951
2237	0.0	1470.8018234050833	1551.9881035542116	2816.847486294172
2253	603390.1448007727	169102.98181591532	192185.46654424616	19532.330676716563
2268	127199.23949767566	26442.206139024045	28300.50208930859	14452.241134030523
2283	122040.92140308619	19539.2143782774	23777.75021658249	16058.698768863756
2298	1590522.3834269857	2011.4680980449446	2662.769506380782	86.63865835577249
2313	1989173.742591858	90.17952047376893	225.6915891364217	128.1629020227492
2328	0.0	176.86198762195184	75.10585895438679	3232.154119484424
2344	0.0	2699.0022944383786	1688.7149188435635	15914.714161611646
2359	121946.10175446965	23925.96152113443	27564.31314729128	20204.744469141995
2374	0.0	20920.10872538991	22859.067469100497	19000.15782214981
2389	1217061.5284354903	3198.6043511297275	4767.275717088953	42.684660176788455
2404	0.0	0.0	152.94871327766216	86.32625251523218
2419	1711590.970048752	210.22482252761722	83.20730673396494	429.67104079721497
2435	0.0	1041.5197342655342	3418.3312894897167	406815.6593710721
2450	118847.63382008791	18794.507682376076	26730.998887466758	19318.819498841884
2465	0.0	23464.113004452287	31892.149956923575	15572.5935766469
2480	845051.1807805536	5745.097849533241	7563.265942919068	1923.3056109105378
2495	1952776.5211841583	178.339651876688	74.57204357463401	128.5244909901498
2510	1991806.4710973739	54.05191296475008	372.3296309886268	43.48213506870903
2526	0.0	985.651074670013	1074.5715694796295	1001.7304990884662
2541	141497.51804029214	21068.17714192009	27176.670781476052	18115.188278009296
2556	144231.5958718443	22346.839319460392	32093.30365105813	17332.115236258433
2571	0.0	7355.2028304323185	10893.366812248549	2755.0259468078616
2586	0.0	200.7087344986573	148.8924103430938	42.55472206355073
2601	1696416.22734375	88.59558612555266	150.25593407005073	132.28736200388522
2616	0.0	490.50993090370207	2630.790620638593	1989.326334112212
2632	141474.62938575743	23939.56396622356	32035.88070215356	16358.828567266017
2647	149528.55531440783	17848.67204422783	26832.955848335434	20879.60436391253
2662	0.0	14126.260609385892	20057.29868013829	4733.292205849327
2677	1904901.0834412384	157.4109282947285	150.32555474151857	170.93176956426353
2692	3246.053739957921	94.67385617494583	149.2694060718268	85.49735742289573
2707	136992.83058587552	1899.0043967214972	1545.6836683970412	1441.96607528653
2722	126186.34005024898	21917.36345799381	34581.18983200751	19738.096038275144
2738	230252.91390338898	20419.181856056675	25955.033905205506	22171.643267566775
2753	1984111.4228700257	168.01334102276712	74.87082897126675	6755.444456798639
2768	0.0	206.11062880672515	233.0862508438155	131.8575962644536
