1;1;1766370119;1766370129.784236
1;2;1766370129.784236;1766370140.699518
1;3;1766370140.699518;1766370151.543541
1;4;1766370151.543541;1766370162.34758
1;5;1766370162.34758;1766370173.188044
1;6;1766370173.188044;1766370184.0001621
1;7;1766370184.0001621;1766370194.8278072
1;8;1766370194.8278072;1766370205.6662302
1;9;1766370205.6662302;1766370216.4445732
1;10;1766370216.4445732;1766370227.283641
1;11;1766370227.283641;1766370238.0965872
1;12;1766370238.0965872;1766370248.9185443
1;13;1766370248.9185443;1766370259.7373862
1;14;1766370259.7373862;1766370270.5762873
1;15;1766370270.5762873;1766370281.4001694
1;16;1766370281.4001694;1766370292.2374375
1;17;1766370292.2374375;1766370303.0520525
1;18;1766370303.0520525;1766370313.9276485
1;19;1766370313.9276485;1766370324.7397234
1;20;1766370324.7397234;1766370335.5962274
1;21;1766370335.5962274;1766370346.4234593
1;22;1766370346.4234593;1766370357.2219863
1;23;1766370357.2219863;1766370368.0436072
1;24;1766370368.0436072;1766370378.8721492
1;25;1766370378.8721492;1766370389.6911762
1;26;1766370389.6911762;1766370400.5246792
1;27;1766370400.5246792;1766370411.3653603
1;28;1766370411.3653603;1766370422.1385162
1;29;1766370422.1385162;1766370432.9552972
1;30;1766370432.9552972;1766370443.7715003
2;1;1766371563;1766371563.993435
2;2;1766371563.993435;1766371564.936046
2;3;1766371564.936046;1766371565.901676
2;4;1766371565.901676;1766371566.8252358
2;5;1766371566.8252358;1766371567.770032
2;6;1766371567.770032;1766371568.692684
2;7;1766371568.692684;1766371569.6349669
2;8;1766371569.6349669;1766371570.5996559
2;9;1766371570.5996559;1766371571.5174668
2;10;1766371571.5174668;1766371572.4305418
2;11;1766371572.4305418;1766371573.3537617
2;12;1766371573.3537617;1766371574.2599096
2;13;1766371574.2599096;1766371575.1268077
2;14;1766371575.1268077;1766371576.0501938
2;15;1766371576.0501938;1766371576.9812999
2;16;1766371576.9812999;1766371577.8912568
2;17;1766371577.8912568;1766371578.810577
2;18;1766371578.810577;1766371579.75208
2;19;1766371579.75208;1766371580.670615
2;20;1766371580.670615;1766371581.5988278
2;21;1766371581.5988278;1766371582.532373
2;22;1766371582.532373;1766371583.448864
2;23;1766371583.448864;1766371584.396341
2;24;1766371584.396341;1766371585.332216
2;25;1766371585.332216;1766371586.241903
2;26;1766371586.241903;1766371587.203654
2;27;1766371587.203654;1766371588.114592
2;28;1766371588.114592;1766371589.0532322
2;29;1766371589.0532322;1766371589.9758112
2;30;1766371589.9758112;1766371590.9050243
3;1;1766371592;1766371597.537251
3;2;1766371597.537251;1766371603.107341
3;3;1766371603.107341;1766371608.767685
3;4;1766371608.767685;1766371614.5469038
3;5;1766371614.5469038;1766371620.160183
3;6;1766371620.160183;1766371625.990336
3;7;1766371625.990336;1766371631.687186
3;8;1766371631.687186;1766371637.161655
3;9;1766371637.161655;1766371642.686228
3;10;1766371642.686228;1766371648.459805
3;11;1766371648.459805;1766371654.136345
3;12;1766371654.136345;1766371659.811627
3;13;1766371659.811627;1766371665.5705578
3;14;1766371665.5705578;1766371671.2618468
3;15;1766371671.2618468;1766371676.8069377
3;16;1766371676.8069377;1766371682.4187727
3;17;1766371682.4187727;1766371688.1696546
3;18;1766371688.1696546;1766371693.8450856
3;19;1766371693.8450856;1766371699.7754316
3;20;1766371699.7754316;1766371705.5965326
3;21;1766371705.5965326;1766371711.1507025
3;22;1766371711.1507025;1766371716.7452695
3;23;1766371716.7452695;1766371722.2146704
3;24;1766371722.2146704;1766371727.9076824
3;25;1766371727.9076824;1766371733.5313723
3;26;1766371733.5313723;1766371739.4405203
3;27;1766371739.4405203;1766371745.2104354
3;28;1766371745.2104354;1766371750.9120183
3;29;1766371750.9120183;1766371756.6738634
3;30;1766371756.6738634;1766371762.4559515
4;1;1766370550;1766370554.133306
4;2;1766370554.133306;1766370558.184115
4;3;1766370558.184115;1766370562.196488
4;4;1766370562.196488;1766370566.239549
4;5;1766370566.239549;1766370570.349709
4;6;1766370570.349709;1766370574.431221
4;7;1766370574.431221;1766370578.500073
4;8;1766370578.500073;1766370582.54138
4;9;1766370582.54138;1766370586.5399818
4;10;1766370586.5399818;1766370590.5878918
4;11;1766370590.5878918;1766370594.6335518
4;12;1766370594.6335518;1766370598.717691
4;13;1766370598.717691;1766370602.7885149
4;14;1766370602.7885149;1766370606.856659
4;15;1766370606.856659;1766370610.950533
4;16;1766370610.950533;1766370615.03682
4;17;1766370615.03682;1766370619.085347
4;18;1766370619.085347;1766370623.16796
4;19;1766370623.16796;1766370627.175837
4;20;1766370627.175837;1766370631.249243
4;21;1766370631.249243;1766370635.299204
4;22;1766370635.299204;1766370639.352909
4;23;1766370639.352909;1766370643.389512
4;24;1766370643.389512;1766370647.4203491
4;25;1766370647.4203491;1766370651.50038
4;26;1766370651.50038;1766370655.58992
4;27;1766370655.58992;1766370659.666021
4;28;1766370659.666021;1766370663.739212
4;29;1766370663.739212;1766370667.7713141
4;30;1766370667.7713141;1766370671.8723562
5;1;1766371282;1766371291.004673
5;2;1766371291.004673;1766371300.015713
5;3;1766371300.015713;1766371309.037389
5;4;1766371309.037389;1766371317.923008
5;5;1766371317.923008;1766371328.740319
5;6;1766371328.740319;1766371337.60426
5;7;1766371337.60426;1766371346.8275619
5;8;1766371346.8275619;1766371356.157352
5;9;1766371356.157352;1766371365.456599
5;10;1766371365.456599;1766371374.776099
5;11;1766371374.776099;1766371383.8903859
5;12;1766371383.8903859;1766371393.218417
5;13;1766371393.218417;1766371402.523932
5;14;1766371402.523932;1766371411.511784
5;15;1766371411.511784;1766371420.5394862
5;16;1766371420.5394862;1766371430.090732
5;17;1766371430.090732;1766371439.471498
5;18;1766371439.471498;1766371448.815329
5;19;1766371448.815329;1766371458.1821282
5;20;1766371458.1821282;1766371467.4659233
5;21;1766371467.4659233;1766371476.7431064
5;22;1766371476.7431064;1766371485.8561404
5;23;1766371485.8561404;1766371495.1984425
5;24;1766371495.1984425;1766371504.6059844
5;25;1766371504.6059844;1766371514.0766664
5;26;1766371514.0766664;1766371523.7290783
5;27;1766371523.7290783;1766371532.6732912
5;28;1766371532.6732912;1766371542.2768962
5;29;1766371542.2768962;1766371551.7024333
5;30;1766371551.7024333;1766371561.0463045
6;1;1766370050;1766370052.384093
6;2;1766370052.384093;1766370054.595012
6;3;1766370054.595012;1766370056.869482
6;4;1766370056.869482;1766370059.2570632
6;5;1766370059.2570632;1766370061.462146
6;6;1766370061.462146;1766370063.6312761
6;7;1766370063.6312761;1766370065.949769
6;8;1766370065.949769;1766370068.137544
6;9;1766370068.137544;1766370070.277792
6;10;1766370070.277792;1766370072.621471
6;11;1766370072.621471;1766370074.766952
6;12;1766370074.766952;1766370077.032355
6;13;1766370077.032355;1766370079.165478
6;14;1766370079.165478;1766370081.489975
6;15;1766370081.489975;1766370083.612526
6;16;1766370083.612526;1766370085.68242
6;17;1766370085.68242;1766370087.9231641
6;18;1766370087.9231641;1766370090.105539
6;19;1766370090.105539;1766370092.233351
6;20;1766370092.233351;1766370094.453362
6;21;1766370094.453362;1766370096.703773
6;22;1766370096.703773;1766370098.9510121
6;23;1766370098.9510121;1766370101.205116
6;24;1766370101.205116;1766370103.262599
6;25;1766370103.262599;1766370105.442413
6;26;1766370105.442413;1766370107.6490972
6;27;1766370107.6490972;1766370109.861766
6;28;1766370109.861766;1766370112.096774
6;29;1766370112.096774;1766370114.3398142
6;30;1766370114.3398142;1766370116.577655
7;1;1766371966;1766371991.062034
7;2;1766371991.062034;1766372015.172993
7;3;1766372015.172993;1766372039.595478
7;4;1766372039.595478;1766372063.294065
7;5;1766372063.294065;1766372088.325648
7;6;1766372088.325648;1766372112.841177
7;7;1766372112.841177;1766372136.753931
7;8;1766372136.753931;1766372161.269257
7;9;1766372161.269257;1766372185.614726
7;10;1766372185.614726;1766372209.871246
7;11;1766372209.871246;1766372233.7327352
7;12;1766372233.7327352;1766372258.018892
7;13;1766372258.018892;1766372281.821804
7;14;1766372281.821804;1766372305.833211
7;15;1766372305.833211;1766372330.857991
7;16;1766372330.857991;1766372355.795912
7;17;1766372355.795912;1766372379.799983
7;18;1766372379.799983;1766372403.809878
7;19;1766372403.809878;1766372427.6783352
7;20;1766372427.6783352;1766372452.0942652
7;21;1766372452.0942652;1766372476.4060652
7;22;1766372476.4060652;1766372500.8335083
7;23;1766372500.8335083;1766372525.5504663
7;24;1766372525.5504663;1766372549.5627663
7;25;1766372549.5627663;1766372572.3557103
7;26;1766372572.3557103;1766372596.6596904
7;27;1766372596.6596904;1766372620.7412665
7;28;1766372620.7412665;1766372644.8523974
7;29;1766372644.8523974;1766372669.7794604
7;30;1766372669.7794604;1766372693.5848784
8;1;1766373013;1766373080.484644
8;2;1766373080.484644;1766373149.9293969
8;3;1766373149.9293969;1766373221.4507728
8;4;1766373221.4507728;1766373292.4889936
8;5;1766373292.4889936;1766373362.8494546
8;6;1766373362.8494546;1766373432.8362126
8;7;1766373432.8362126;1766373503.0295076
8;8;1766373503.0295076;1766373572.8126667
8;9;1766373572.8126667;1766373641.6530046
8;10;1766373641.6530046;1766373711.1457977
8;11;1766373711.1457977;1766373780.8157878
8;12;1766373780.8157878;1766373849.6762779
8;13;1766373849.6762779;1766373917.5443048
8;14;1766373917.5443048;1766373987.493667
8;15;1766373987.493667;1766374056.6324759
8;16;1766374056.6324759;1766374123.041998
8;17;1766374123.041998;1766374192.8436308
8;18;1766374192.8436308;1766374260.9444478
8;19;1766374260.9444478;1766374328.7171397
8;20;1766374328.7171397;1766374396.7330437
8;21;1766374396.7330437;1766374463.6733878
8;22;1766374463.6733878;1766374534.3513627
8;23;1766374534.3513627;1766374604.4376917
8;24;1766374604.4376917;1766374672.3251047
8;25;1766374672.3251047;1766374742.9786158
8;26;1766374742.9786158;1766374812.1451378
8;27;1766374812.1451378;1766374885.3056488
8;28;1766374885.3056488;1766374957.3692348
8;29;1766374957.3692348;1766375027.9386537
8;30;1766375027.9386537;1766375103.2410908
9;1;1766375105;1766375265.095498
9;2;1766375265.095498;1766375422.73797
9;3;1766375422.73797;1766375580.9910681
9;4;1766375580.9910681;1766375739.748821
9;5;1766375739.748821;1766375898.6255481
9;6;1766375898.6255481;1766376058.1594481
9;7;1766376058.1594481;1766376212.5681982
9;8;1766376212.5681982;1766376367.6165702
9;9;1766376367.6165702;1766376523.5368443
9;10;1766376523.5368443;1766376685.5717912
9;11;1766376685.5717912;1766376846.9940891
9;12;1766376846.9940891;1766377006.9783611
9;13;1766377006.9783611;1766377164.415508
9;14;1766377164.415508;1766377321.349885
9;15;1766377321.349885;1766377476.026645
9;16;1766377476.026645;1766377627.5641959
9;17;1766377627.5641959;1766377779.842743
9;18;1766377779.842743;1766377931.5410888
9;19;1766377931.5410888;1766378085.038534
9;20;1766378085.038534;1766378241.923898
9;21;1766378241.923898;1766378396.379341
9;22;1766378396.379341;1766378551.311584
9;23;1766378551.311584;1766378704.393732
9;24;1766378704.393732;1766378855.277208
9;25;1766378855.277208;1766379012.7838042
9;26;1766379012.7838042;1766379166.2610912
9;27;1766379166.2610912;1766379317.6417391
9;28;1766379317.6417391;1766379474.7023842
9;29;1766379474.7023842;1766379626.5933092
9;30;1766379626.5933092;1766379778.172439
10;1;1766379780;1766379787.714159
10;2;1766379787.714159;1766379794.95017
10;3;1766379794.95017;1766379802.497384
10;4;1766379802.497384;1766379809.877938
10;5;1766379809.877938;1766379818.1088831
10;6;1766379818.1088831;1766379826.0811172
10;7;1766379826.0811172;1766379833.7287092
10;8;1766379833.7287092;1766379841.3579993
10;9;1766379841.3579993;1766379849.0348334
10;10;1766379849.0348334;1766379857.3936224
10;11;1766379857.3936224;1766379864.4951124
10;12;1766379864.4951124;1766379872.9227984
10;13;1766379872.9227984;1766379880.4858913
10;14;1766379880.4858913;1766379888.8035393
10;15;1766379888.8035393;1766379895.7791543
10;16;1766379895.7791543;1766379903.5452833
10;17;1766379903.5452833;1766379911.0118983
10;18;1766379911.0118983;1766379918.8616843
10;19;1766379918.8616843;1766379925.9381833
10;20;1766379925.9381833;1766379933.3442652
10;21;1766379933.3442652;1766379941.2638333
10;22;1766379941.2638333;1766379948.4851763
10;23;1766379948.4851763;1766379956.5036483
10;24;1766379956.5036483;1766379963.9164433
10;25;1766379963.9164433;1766379970.9550493
10;26;1766379970.9550493;1766379978.6126564
10;27;1766379978.6126564;1766379986.1776924
10;28;1766379986.1776924;1766379993.6416845
10;29;1766379993.6416845;1766380000.7837515
10;30;1766380000.7837515;1766380008.5941844
11;1;1766369821;1766369822.720892
11;2;1766369822.720892;1766369823.590318
11;3;1766369823.590318;1766369824.514392
11;4;1766369824.514392;1766369825.3277168
11;5;1766369825.3277168;1766369826.2848308
11;6;1766369826.2848308;1766369827.1708958
11;7;1766369827.1708958;1766369828.0409248
11;8;1766369828.0409248;1766369828.983065
11;9;1766369828.983065;1766369829.9771888
11;10;1766369829.9771888;1766369830.9698288
11;11;1766369830.9698288;1766369831.8218539
11;12;1766369831.8218539;1766369832.7415369
11;13;1766369832.7415369;1766369833.5918078
11;14;1766369833.5918078;1766369834.3601408
11;15;1766369834.3601408;1766369835.2176058
11;16;1766369835.2176058;1766369836.2666059
11;17;1766369836.2666059;1766369837.247026
11;18;1766369837.247026;1766369838.106724
11;19;1766369838.106724;1766369838.984481
11;20;1766369838.984481;1766369839.8583121
11;21;1766369839.8583121;1766369840.766334
11;22;1766369840.766334;1766369841.730819
11;23;1766369841.730819;1766369842.599795
11;24;1766369842.599795;1766369843.5364192
11;25;1766369843.5364192;1766369844.5300353
11;26;1766369844.5300353;1766369845.4441442
11;27;1766369845.4441442;1766369846.3213162
11;28;1766369846.3213162;1766369847.1616251
11;29;1766369847.1616251;1766369848.0380132
11;30;1766369848.0380132;1766369848.9374752
12;1;1766370445;1766370448.521153
12;2;1766370448.521153;1766370452.039699
12;3;1766370452.039699;1766370455.5558212
12;4;1766370455.5558212;1766370458.997764
12;5;1766370458.997764;1766370462.4730892
12;6;1766370462.4730892;1766370465.9199421
12;7;1766370465.9199421;1766370469.375668
12;8;1766370469.375668;1766370472.808231
12;9;1766370472.808231;1766370476.215722
12;10;1766370476.215722;1766370479.6955671
12;11;1766370479.6955671;1766370483.1162431
12;12;1766370483.1162431;1766370486.5320492
12;13;1766370486.5320492;1766370489.942068
12;14;1766370489.942068;1766370493.345029
12;15;1766370493.345029;1766370496.733597
12;16;1766370496.733597;1766370500.146704
12;17;1766370500.146704;1766370503.603406
12;18;1766370503.603406;1766370507.0033479
12;19;1766370507.0033479;1766370510.4423468
12;20;1766370510.4423468;1766370513.8468578
12;21;1766370513.8468578;1766370517.2333717
12;22;1766370517.2333717;1766370520.6279557
12;23;1766370520.6279557;1766370524.0468366
12;24;1766370524.0468366;1766370527.5161755
12;25;1766370527.5161755;1766370530.9056425
12;26;1766370530.9056425;1766370534.3008106
12;27;1766370534.3008106;1766370537.7146695
12;28;1766370537.7146695;1766370541.1851156
12;29;1766370541.1851156;1766370544.6231027
12;30;1766370544.6231027;1766370548.0427296
13;1;1766369769;1766369770.698341
13;2;1766369770.698341;1766369772.244824
13;3;1766369772.244824;1766369773.909034
13;4;1766369773.909034;1766369775.598069
13;5;1766369775.598069;1766369777.022322
13;6;1766369777.022322;1766369778.609855
13;7;1766369778.609855;1766369780.295593
13;8;1766369780.295593;1766369781.784481
13;9;1766369781.784481;1766369783.42419
13;10;1766369783.42419;1766369785.102195
13;11;1766369785.102195;1766369786.727107
13;12;1766369786.727107;1766369788.239576
13;13;1766369788.239576;1766369789.889023
13;14;1766369789.889023;1766369791.576416
13;15;1766369791.576416;1766369793.266915
13;16;1766369793.266915;1766369794.948383
13;17;1766369794.948383;1766369796.6395712
13;18;1766369796.6395712;1766369798.3471181
13;19;1766369798.3471181;1766369800.1578941
13;20;1766369800.1578941;1766369801.8314261
13;21;1766369801.8314261;1766369803.605715
13;22;1766369803.605715;1766369805.232451
13;23;1766369805.232451;1766369806.9210389
13;24;1766369806.9210389;1766369808.6372929
13;25;1766369808.6372929;1766369810.32562
13;26;1766369810.32562;1766369812.0386739
13;27;1766369812.0386739;1766369813.747871
13;28;1766369813.747871;1766369815.4698799
13;29;1766369815.4698799;1766369817.238941
13;30;1766369817.238941;1766369818.9330199
14;1;1766370880;1766370885.35706
14;2;1766370885.35706;1766370890.727041
14;3;1766370890.727041;1766370896.184354
14;4;1766370896.184354;1766370901.650836
14;5;1766370901.650836;1766370907.340413
14;6;1766370907.340413;1766370912.823688
14;7;1766370912.823688;1766370918.278064
14;8;1766370918.278064;1766370923.980734
14;9;1766370923.980734;1766370929.47351
14;10;1766370929.47351;1766370935.115044
14;11;1766370935.115044;1766370940.631431
14;12;1766370940.631431;1766370946.145543
14;13;1766370946.145543;1766370951.413361
14;14;1766370951.413361;1766370956.7412171
14;15;1766370956.7412171;1766370962.1999502
14;16;1766370962.1999502;1766370967.8976872
14;17;1766370967.8976872;1766370973.252026
14;18;1766370973.252026;1766370978.6792052
14;19;1766370978.6792052;1766370983.9873652
14;20;1766370983.9873652;1766370989.3791811
14;21;1766370989.3791811;1766370994.8428612
14;22;1766370994.8428612;1766371000.3741503
14;23;1766371000.3741503;1766371005.8742013
14;24;1766371005.8742013;1766371011.4391673
14;25;1766371011.4391673;1766371016.8262284
14;26;1766371016.8262284;1766371022.2042394
14;27;1766371022.2042394;1766371027.6256123
14;28;1766371027.6256123;1766371032.9998362
14;29;1766371032.9998362;1766371038.4741273
14;30;1766371038.4741273;1766371044.0050542
15;1;1766371765;1766371771.728645
15;2;1766371771.728645;1766371778.6786501
15;3;1766371778.6786501;1766371785.566081
15;4;1766371785.566081;1766371791.9954472
15;5;1766371791.9954472;1766371798.7577062
15;6;1766371798.7577062;1766371805.607633
15;7;1766371805.607633;1766371811.981153
15;8;1766371811.981153;1766371818.631509
15;9;1766371818.631509;1766371825.5697632
15;10;1766371825.5697632;1766371832.2539291
15;11;1766371832.2539291;1766371838.913083
15;12;1766371838.913083;1766371845.713159
15;13;1766371845.713159;1766371852.452969
15;14;1766371852.452969;1766371859.066539
15;15;1766371859.066539;1766371865.872781
15;16;1766371865.872781;1766371872.229158
15;17;1766371872.229158;1766371878.6588728
15;18;1766371878.6588728;1766371885.3428018
15;19;1766371885.3428018;1766371892.0375698
15;20;1766371892.0375698;1766371898.5800748
15;21;1766371898.5800748;1766371905.1741397
15;22;1766371905.1741397;1766371911.9218807
15;23;1766371911.9218807;1766371918.5570388
15;24;1766371918.5570388;1766371925.2998788
15;25;1766371925.2998788;1766371931.8259318
15;26;1766371931.8259318;1766371938.3305118
15;27;1766371938.3305118;1766371944.7514968
15;28;1766371944.7514968;1766371951.4323788
15;29;1766371951.4323788;1766371957.8207507
15;30;1766371957.8207507;1766371964.4529278
16;1;1766369905;1766369909.995379
16;2;1766369909.995379;1766369914.8193889
16;3;1766369914.8193889;1766369919.425701
16;4;1766369919.425701;1766369923.953985
16;5;1766369923.953985;1766369928.782574
16;6;1766369928.782574;1766369933.4036288
16;7;1766369933.4036288;1766369937.863438
16;8;1766369937.863438;1766369942.7784438
16;9;1766369942.7784438;1766369947.3406878
16;10;1766369947.3406878;1766369952.4283988
16;11;1766369952.4283988;1766369957.3635848
16;12;1766369957.3635848;1766369962.4228177
16;13;1766369962.4228177;1766369966.6614077
16;14;1766369966.6614077;1766369971.3021097
16;15;1766369971.3021097;1766369976.1005688
16;16;1766369976.1005688;1766369980.6230779
16;17;1766369980.6230779;1766369985.3677309
16;18;1766369985.3677309;1766369989.9955988
16;19;1766369989.9955988;1766369994.5888567
16;20;1766369994.5888567;1766369999.3673477
16;21;1766369999.3673477;1766370003.9536648
16;22;1766370003.9536648;1766370008.9338768
16;23;1766370008.9338768;1766370014.0677567
16;24;1766370014.0677567;1766370018.6840737
16;25;1766370018.6840737;1766370023.3386416
16;26;1766370023.3386416;1766370027.7257166
16;27;1766370027.7257166;1766370032.6114817
16;28;1766370032.6114817;1766370037.1245947
16;29;1766370037.1245947;1766370042.1438706
16;30;1766370042.1438706;1766370046.9072456
17;1;1766370673;1766370679.16388
17;2;1766370679.16388;1766370686.002134
17;3;1766370686.002134;1766370691.645888
17;4;1766370691.645888;1766370698.417432
17;5;1766370698.417432;1766370703.611711
17;6;1766370703.611711;1766370710.519253
17;7;1766370710.519253;1766370715.591387
17;8;1766370715.591387;1766370722.268061
17;9;1766370722.268061;1766370727.452637
17;10;1766370727.452637;1766370734.177399
17;11;1766370734.177399;1766370741.6717758
17;12;1766370741.6717758;1766370749.6044948
17;13;1766370749.6044948;1766370754.581514
17;14;1766370754.581514;1766370761.3232598
17;15;1766370761.3232598;1766370766.405135
17;16;1766370766.405135;1766370773.240377
17;17;1766370773.240377;1766370778.345676
17;18;1766370778.345676;1766370785.144683
17;19;1766370785.144683;1766370790.2725878
17;20;1766370790.2725878;1766370797.0202568
17;21;1766370797.0202568;1766370802.0405748
17;22;1766370802.0405748;1766370820.0949268
17;23;1766370820.0949268;1766370825.177332
17;24;1766370825.177332;1766370831.849546
17;25;1766370831.849546;1766370839.096315
17;26;1766370839.096315;1766370847.5503109
17;27;1766370847.5503109;1766370853.734
17;28;1766370853.734;1766370862.758676
17;29;1766370862.758676;1766370867.4345431
17;30;1766370867.4345431;1766370877.8863711
18;1;1766369851;1766369852.841273
18;2;1766369852.841273;1766369853.9823952
18;3;1766369853.9823952;1766369855.0480072
18;4;1766369855.0480072;1766369856.1714642
18;5;1766369856.1714642;1766369857.2465782
18;6;1766369857.2465782;1766369858.3258903
18;7;1766369858.3258903;1766369859.4194832
18;8;1766369859.4194832;1766369860.546683
18;9;1766369860.546683;1766369861.585515
18;10;1766369861.585515;1766369862.652565
18;11;1766369862.652565;1766369863.645143
18;12;1766369863.645143;1766369864.77021
18;13;1766369864.77021;1766369865.903173
18;14;1766369865.903173;1766369866.878239
18;15;1766369866.878239;1766369867.922479
18;16;1766369867.922479;1766369868.9521089
18;17;1766369868.9521089;1766369869.9929538
18;18;1766369869.9929538;1766369871.0192208
18;19;1766369871.0192208;1766369872.104364
18;20;1766369872.104364;1766369873.1457179
18;21;1766369873.1457179;1766369874.1881828
18;22;1766369874.1881828;1766369875.294649
18;23;1766369875.294649;1766369876.612186
18;24;1766369876.612186;1766369877.6544409
18;25;1766369877.6544409;1766369878.687743
18;26;1766369878.687743;1766369879.701719
18;27;1766369879.701719;1766369880.806991
18;28;1766369880.806991;1766369881.84289
18;29;1766369881.84289;1766369882.9051561
18;30;1766369882.9051561;1766369883.9533331
19;1;1766371046;1766371053.946808
19;2;1766371053.946808;1766371062.2549522
19;3;1766371062.2549522;1766371069.8987002
19;4;1766371069.8987002;1766371077.1063352
19;5;1766371077.1063352;1766371084.55202
19;6;1766371084.55202;1766371092.18773
19;7;1766371092.18773;1766371100.350974
19;8;1766371100.350974;1766371108.486515
19;9;1766371108.486515;1766371116.2038891
19;10;1766371116.2038891;1766371123.9654162
19;11;1766371123.9654162;1766371131.5324101
19;12;1766371131.5324101;1766371138.9469612
19;13;1766371138.9469612;1766371146.4579182
19;14;1766371146.4579182;1766371153.862271
19;15;1766371153.862271;1766371162.003354
19;16;1766371162.003354;1766371169.91159
19;17;1766371169.91159;1766371177.754066
19;18;1766371177.754066;1766371185.653252
19;19;1766371185.653252;1766371193.203544
19;20;1766371193.203544;1766371201.330565
19;21;1766371201.330565;1766371209.128158
19;22;1766371209.128158;1766371217.4728642
19;23;1766371217.4728642;1766371225.707447
19;24;1766371225.707447;1766371233.026572
19;25;1766371233.026572;1766371240.733133
19;26;1766371240.733133;1766371248.503112
19;27;1766371248.503112;1766371256.3716972
19;28;1766371256.3716972;1766371264.3517652
19;29;1766371264.3517652;1766371272.0286372
19;30;1766371272.0286372;1766371280.1537223
20;1;1766372695;1766372700.47402
20;2;1766372700.47402;1766372713.53275
20;3;1766372713.53275;1766372718.978478
20;4;1766372718.978478;1766372724.63751
20;5;1766372724.63751;1766372730.2258
20;6;1766372730.2258;1766372739.660897
20;7;1766372739.660897;1766372745.366102
20;8;1766372745.366102;1766372750.941283
20;9;1766372750.941283;1766372763.843376
20;10;1766372763.843376;1766372773.2337239
20;11;1766372773.2337239;1766372786.416111
20;12;1766372786.416111;1766372792.184503
20;13;1766372792.184503;1766372801.5267642
20;14;1766372801.5267642;1766372806.8735662
20;15;1766372806.8735662;1766372812.4870262
20;16;1766372812.4870262;1766372821.7435791
20;17;1766372821.7435791;1766372827.2840312
20;18;1766372827.2840312;1766372836.6242912
20;19;1766372836.6242912;1766372842.2209313
20;20;1766372842.2209313;1766372847.7795024
20;21;1766372847.7795024;1766372853.6052873
20;22;1766372853.6052873;1766372859.0315073
20;23;1766372859.0315073;1766372872.1004393
20;24;1766372872.1004393;1766372881.1455083
20;25;1766372881.1455083;1766372890.1944633
20;26;1766372890.1944633;1766372899.1449413
20;27;1766372899.1449413;1766372904.6113102
20;28;1766372904.6113102;1766372910.0268502
20;29;1766372910.0268502;1766372919.3549683
20;30;1766372919.3549683;1766372928.7023654
21;1;1766372931;1766372933.364641
21;2;1766372933.364641;1766372936.0190918
21;3;1766372936.0190918;1766372938.7288108
21;4;1766372938.7288108;1766372941.3961258
21;5;1766372941.3961258;1766372944.051818
21;6;1766372944.051818;1766372946.7361279
21;7;1766372946.7361279;1766372949.4132998
21;8;1766372949.4132998;1766372952.1038027
21;9;1766372952.1038027;1766372954.7834117
21;10;1766372954.7834117;1766372957.4758646
21;11;1766372957.4758646;1766372960.1599607
21;12;1766372960.1599607;1766372962.8410218
21;13;1766372962.8410218;1766372965.5560718
21;14;1766372965.5560718;1766372968.2179048
21;15;1766372968.2179048;1766372970.9007077
21;16;1766372970.9007077;1766372973.6056817
21;17;1766372973.6056817;1766372976.2874527
21;18;1766372976.2874527;1766372978.9639976
21;19;1766372978.9639976;1766372981.6544695
21;20;1766372981.6544695;1766372984.3467956
21;21;1766372984.3467956;1766372987.0792425
21;22;1766372987.0792425;1766372989.7542195
21;23;1766372989.7542195;1766372992.4305115
21;24;1766372992.4305115;1766372995.1221054
21;25;1766372995.1221054;1766372997.7934713
21;26;1766372997.7934713;1766373000.5096314
21;27;1766373000.5096314;1766373003.2132275
21;28;1766373003.2132275;1766373005.9463546
21;29;1766373005.9463546;1766373008.6405725
21;30;1766373008.6405725;1766373011.2976356
22;1;1766369885;1766369886.104323
22;2;1766369886.104323;1766369886.7393918
22;3;1766369886.7393918;1766369887.2576008
22;4;1766369887.2576008;1766369887.8270838
22;5;1766369887.8270838;1766369888.4783428
22;6;1766369888.4783428;1766369889.0117958
22;7;1766369889.0117958;1766369889.8058398
22;8;1766369889.8058398;1766369890.3349278
22;9;1766369890.3349278;1766369890.8349547
22;10;1766369890.8349547;1766369891.3444777
22;11;1766369891.3444777;1766369891.9224646
22;12;1766369891.9224646;1766369892.5418627
22;13;1766369892.5418627;1766369893.1334517
22;14;1766369893.1334517;1766369893.7154527
22;15;1766369893.7154527;1766369894.3471797
22;16;1766369894.3471797;1766369894.9465306
22;17;1766369894.9465306;1766369895.5207787
22;18;1766369895.5207787;1766369896.1082077
22;19;1766369896.1082077;1766369896.6613197
22;20;1766369896.6613197;1766369897.2313027
22;21;1766369897.2313027;1766369897.9589398
22;22;1766369897.9589398;1766369898.5553539
22;23;1766369898.5553539;1766369899.0318038
22;24;1766369899.0318038;1766369899.613066
22;25;1766369899.613066;1766369900.10474
22;26;1766369900.10474;1766369900.639412
22;27;1766369900.639412;1766369901.132828
22;28;1766369901.132828;1766369901.743052
22;29;1766369901.743052;1766369902.27709
22;30;1766369902.27709;1766369902.8931172
