1;1;1767242515;1767242754.806496
1;2;1767242754.806496;1767242937.953044
1;3;1767242937.953044;1767243089.0914578
1;4;1767243089.0914578;1767243235.061024
1;5;1767243235.061024;1767243390.2764769
1;6;1767243390.2764769;1767243545.0117378
1;7;1767243545.0117378;1767243691.8058448
1;8;1767243691.8058448;1767243840.163128
1;9;1767243840.163128;1767243965.7701628
1;10;1767243965.7701628;1767244089.1893668
1;11;1767244089.1893668;1767244215.7603638
1;12;1767244215.7603638;1767244334.0159929
1;13;1767244334.0159929;1767244462.994341
1;14;1767244462.994341;1767244584.1459858
1;15;1767244584.1459858;1767244718.6665149
1;16;1767244718.6665149;1767244873.1331449
1;17;1767244873.1331449;1767244997.28209
1;18;1767244997.28209;1767245128.769283
1;19;1767245128.769283;1767245271.817478
1;20;1767245271.817478;1767245402.739963
1;21;1767245402.739963;1767245533.389534
1;22;1767245533.389534;1767245651.963348
1;23;1767245651.963348;1767245787.887311
1;24;1767245787.887311;1767245916.461152
1;25;1767245916.461152;1767246035.755057
1;26;1767246035.755057;1767246177.298588
1;27;1767246177.298588;1767246294.251686
1;28;1767246294.251686;1767246415.047723
1;29;1767246415.047723;1767246551.9786382
1;30;1767246551.9786382;1767246678.2906332
2;1;1767277053;1767277108.947341
2;2;1767277108.947341;1767277150.456593
2;3;1767277150.456593;1767277206.6889741
2;4;1767277206.6889741;1767277256.081005
2;5;1767277256.081005;1767277301.686268
2;6;1767277301.686268;1767277343.086637
2;7;1767277343.086637;1767277394.3228161
2;8;1767277394.3228161;1767277442.206732
2;9;1767277442.206732;1767277478.489471
2;10;1767277478.489471;1767277523.695113
2;11;1767277523.695113;1767277572.603962
2;12;1767277572.603962;1767277642.934782
2;13;1767277642.934782;1767277668.439933
2;14;1767277668.439933;1767277725.2549062
2;15;1767277725.2549062;1767277764.1306963
2;16;1767277764.1306963;1767277800.6963432
2;17;1767277800.6963432;1767277843.040466
2;18;1767277843.040466;1767277895.3653271
2;19;1767277895.3653271;1767277941.531181
2;20;1767277941.531181;1767277997.342369
2;21;1767277997.342369;1767278053.474265
2;22;1767278053.474265;1767278091.813468
2;23;1767278091.813468;1767278146.101947
2;24;1767278146.101947;1767278188.6097112
2;25;1767278188.6097112;1767278223.283441
2;26;1767278223.283441;1767278258.42401
2;27;1767278258.42401;1767278311.361985
2;28;1767278311.361985;1767278349.7177129
2;29;1767278349.7177129;1767278388.8885798
2;30;1767278388.8885798;1767278437.5851588
3;1;1767278439;1767278824.166248
3;2;1767278824.166248;1767279211.227808
3;3;1767279211.227808;1767279589.76804
3;4;1767279589.76804;1767279987.671892
3;5;1767279987.671892;1767280350.69938
3;6;1767280350.69938;1767280771.599495
3;7;1767280771.599495;1767281147.3174598
3;8;1767281147.3174598;1767281522.685994
3;9;1767281522.685994;1767281886.0302699
3;10;1767281886.0302699;1767282267.8024428
3;11;1767282267.8024428;1767282705.9201987
3;12;1767282705.9201987;1767283071.1633146
3;13;1767283071.1633146;1767283491.5703466
3;14;1767283491.5703466;1767283953.1893747
3;15;1767283953.1893747;1767284294.9692507
3;16;1767284294.9692507;1767284688.2417507
3;17;1767284688.2417507;1767285061.8224697
3;18;1767285061.8224697;1767285495.6390858
3;19;1767285495.6390858;1767285924.8396227
3;20;1767285924.8396227;1767286307.3154287
3;21;1767286307.3154287;1767286679.8204288
3;22;1767286679.8204288;1767287114.7677839
3;23;1767287114.7677839;1767287567.914981
3;24;1767287567.914981;1767287966.395069
3;25;1767287966.395069;1767288363.6733809
3;26;1767288363.6733809;1767288805.1426978
3;27;1767288805.1426978;1767289249.1760979
3;28;1767289249.1760979;1767289673.658146
3;29;1767289673.658146;1767290146.6797378
3;30;1767290146.6797378;1767290637.2680888
4;1;1767249899;1767250247.408729
4;2;1767250247.408729;1767250420.88305
4;3;1767250420.88305;1767250552.352684
4;4;1767250552.352684;1767250688.901722
4;5;1767250688.901722;1767250813.26704
4;6;1767250813.26704;1767250946.902637
4;7;1767250946.902637;1767251073.58382
4;8;1767251073.58382;1767251206.99351
4;9;1767251206.99351;1767251342.321708
4;10;1767251342.321708;1767251471.822982
4;11;1767251471.822982;1767251595.3622952
4;12;1767251595.3622952;1767251731.356676
4;13;1767251731.356676;1767251860.855667
4;14;1767251860.855667;1767251988.91874
4;15;1767251988.91874;1767252123.496757
4;16;1767252123.496757;1767252254.583401
4;17;1767252254.583401;1767252383.802103
4;18;1767252383.802103;1767252518.467263
4;19;1767252518.467263;1767252644.757776
4;20;1767252644.757776;1767252779.44771
4;21;1767252779.44771;1767252904.298201
4;22;1767252904.298201;1767253039.5299902
4;23;1767253039.5299902;1767253164.0766082
4;24;1767253164.0766082;1767253303.9200132
4;25;1767253303.9200132;1767253428.705954
4;26;1767253428.705954;1767253563.1735861
4;27;1767253563.1735861;1767253697.029987
4;28;1767253697.029987;1767253810.9950411
4;29;1767253810.9950411;1767253937.65507
4;30;1767253937.65507;1767254049.8633
5;1;1767272348;1767272518.582171
5;2;1767272518.582171;1767272681.082748
5;3;1767272681.082748;1767272836.800458
5;4;1767272836.800458;1767273009.316536
5;5;1767273009.316536;1767273160.44996
5;6;1767273160.44996;1767273335.143581
5;7;1767273335.143581;1767273476.698104
5;8;1767273476.698104;1767273623.28056
5;9;1767273623.28056;1767273775.438824
5;10;1767273775.438824;1767273925.6395829
5;11;1767273925.6395829;1767274076.386438
5;12;1767274076.386438;1767274254.757968
5;13;1767274254.757968;1767274432.4324958
5;14;1767274432.4324958;1767274583.1574538
5;15;1767274583.1574538;1767274726.8452067
5;16;1767274726.8452067;1767274890.9580739
5;17;1767274890.9580739;1767275048.374219
5;18;1767275048.374219;1767275210.7462199
5;19;1767275210.7462199;1767275369.963583
5;20;1767275369.963583;1767275520.117565
5;21;1767275520.117565;1767275697.173447
5;22;1767275697.173447;1767275842.1614938
5;23;1767275842.1614938;1767275989.2609537
5;24;1767275989.2609537;1767276155.9478767
5;25;1767276155.9478767;1767276306.6811306
5;26;1767276306.6811306;1767276458.4806666
5;27;1767276458.4806666;1767276611.3534217
5;28;1767276611.3534217;1767276755.9334958
5;29;1767276755.9334958;1767276907.8676527
5;30;1767276907.8676527;1767277050.8932667
6;1;1767239932;1767240015.318411
6;2;1767240015.318411;1767240105.272866
6;3;1767240105.272866;1767240194.44154
6;4;1767240194.44154;1767240277.808887
6;5;1767240277.808887;1767240362.741596
6;6;1767240362.741596;1767240446.0413
6;7;1767240446.0413;1767240529.823108
6;8;1767240529.823108;1767240614.059316
6;9;1767240614.059316;1767240698.462656
6;10;1767240698.462656;1767240791.182463
6;11;1767240791.182463;1767240880.933836
6;12;1767240880.933836;1767240964.337553
6;13;1767240964.337553;1767241054.175005
6;14;1767241054.175005;1767241138.090276
6;15;1767241138.090276;1767241221.185242
6;16;1767241221.185242;1767241304.4850938
6;17;1767241304.4850938;1767241393.908481
6;18;1767241393.908481;1767241486.3208408
6;19;1767241486.3208408;1767241575.7650628
6;20;1767241575.7650628;1767241659.0450778
6;21;1767241659.0450778;1767241742.054026
6;22;1767241742.054026;1767241825.4559588
6;23;1767241825.4559588;1767241910.3941238
6;24;1767241910.3941238;1767242000.1438408
6;25;1767242000.1438408;1767242089.1768248
6;26;1767242089.1768248;1767242172.4701998
6;27;1767242172.4701998;1767242255.5633378
6;28;1767242255.5633378;1767242342.9068997
6;29;1767242342.9068997;1767242430.0600247
6;30;1767242430.0600247;1767242513.2353346
7;1;1767303392;1767303601.988644
7;2;1767303601.988644;1767303820.952451
7;3;1767303820.952451;1767304030.777916
7;4;1767304030.777916;1767304256.2386239
7;5;1767304256.2386239;1767304481.92273
7;6;1767304481.92273;1767304706.164038
7;7;1767304706.164038;1767304939.510828
7;8;1767304939.510828;1767305162.455267
7;9;1767305162.455267;1767305386.540571
7;10;1767305386.540571;1767305605.809635
7;11;1767305605.809635;1767305829.5871038
7;12;1767305829.5871038;1767306069.3548348
7;13;1767306069.3548348;1767306271.030233
7;14;1767306271.030233;1767306523.3294199
7;15;1767306523.3294199;1767306753.028657
7;16;1767306753.028657;1767306961.5197449
7;17;1767306961.5197449;1767307179.1668158
7;18;1767307179.1668158;1767307418.7190847
7;19;1767307418.7190847;1767307653.6769187
7;20;1767307653.6769187;1767307884.5108628
7;21;1767307884.5108628;1767308112.795276
7;22;1767308112.795276;1767308331.9802759
7;23;1767308331.9802759;1767308563.5334668
7;24;1767308563.5334668;1767308787.6305318
7;25;1767308787.6305318;1767309017.2029767
7;26;1767309017.2029767;1767309239.3469117
7;27;1767309239.3469117;1767309486.5864997
7;28;1767309486.5864997;1767309700.8631978
7;29;1767309700.8631978;1767309918.418897
7;30;1767309918.418897;1767310136.286161
8;1;1767318492;1767320482.955237
8;2;1767320482.955237;1767322626.7556388
8;3;1767322626.7556388;1767324713.8380818
8;4;1767324713.8380818;1767326872.169134
8;5;1767326872.169134;1767329097.802286
8;6;1767329097.802286;1767331229.903913
8;7;1767331229.903913;1767333411.627716
8;8;1767333411.627716;1767335548.3307521
8;9;1767335548.3307521;1767337794.642338
8;10;1767337794.642338;1767339921.146238
8;11;1767339921.146238;1767342136.096821
8;12;1767342136.096821;1767344454.159904
8;13;1767344454.159904;1767346725.1557
8;14;1767346725.1557;1767349000.293885
8;15;1767349000.293885;1767351259.381712
8;16;1767351259.381712;1767353550.804528
8;17;1767353550.804528;1767355854.630603
8;18;1767355854.630603;1767358154.410469
8;19;1767358154.410469;1767360354.3107991
8;20;1767360354.3107991;1767362484.193444
8;21;1767362484.193444;1767364715.316904
8;22;1767364715.316904;1767366948.6210701
8;23;1767366948.6210701;1767369121.5882173
8;24;1767369121.5882173;1767371319.5694063
8;25;1767371319.5694063;1767373558.3573883
8;26;1767373558.3573883;1767375787.7835412
8;27;1767375787.7835412;1767377935.3906603
8;28;1767377935.3906603;1767380076.8275132
8;29;1767380076.8275132;1767382268.1554353
8;30;1767382268.1554353;1767384383.8318193
9;1;1767384386;1767389680.000305
9;2;1767389680.000305;1767395289.6316788
9;3;1767395289.6316788;1767400917.3847558
9;4;1767400917.3847558;1767406532.8238428
9;5;1767406532.8238428;1767411812.7219567
9;6;1767411812.7219567;1767417041.5330746
9;7;1767417041.5330746;1767422479.3648727
9;8;1767422479.3648727;1767428005.3290257
9;9;1767428005.3290257;1767433301.2418578
9;10;1767433301.2418578;1767438769.0808518
9;11;1767438769.0808518;1767444130.1434517
9;12;1767444130.1434517;1767449472.1236327
9;13;1767449472.1236327;1767454803.3478186
9;14;1767454803.3478186;1767460233.5508347
9;15;1767460233.5508347;1767465616.5356417
9;16;1767465616.5356417;1767471254.1555207
9;17;1767471254.1555207;1767476810.6211767
9;18;1767476810.6211767;1767482277.7766788
9;19;1767482277.7766788;1767487758.3379357
9;20;1767487758.3379357;1767493253.9389877
9;21;1767493253.9389877;1767498663.2320118
9;22;1767498663.2320118;1767503960.0829568
9;23;1767503960.0829568;1767509282.046414
9;24;1767509282.046414;1767514927.079522
9;25;1767514927.079522;1767520395.6213229
9;26;1767520395.6213229;1767526227.685706
9;27;1767526227.685706;1767531776.079927
9;28;1767531776.079927;1767537475.0225859
9;29;1767537475.0225859;1767542994.1201088
9;30;1767542994.1201088;1767548446.7089348
10;1;1767290640;1767290914.845711
10;2;1767290914.845711;1767291134.226702
10;3;1767291134.226702;1767291406.0687299
10;4;1767291406.0687299;1767291625.5238168
10;5;1767291625.5238168;1767291865.1879818
10;6;1767291865.1879818;1767292115.7058728
10;7;1767292115.7058728;1767292330.907539
10;8;1767292330.907539;1767292558.051421
10;9;1767292558.051421;1767292791.636044
10;10;1767292791.636044;1767293003.667582
10;11;1767293003.667582;1767293202.560481
10;12;1767293202.560481;1767293432.766345
10;13;1767293432.766345;1767293615.205475
10;14;1767293615.205475;1767293861.6898382
10;15;1767293861.6898382;1767294081.481537
10;16;1767294081.481537;1767294305.2032092
10;17;1767294305.2032092;1767294499.907484
10;18;1767294499.907484;1767294709.481524
10;19;1767294709.481524;1767294907.333563
10;20;1767294907.333563;1767295182.640346
10;21;1767295182.640346;1767295402.2281451
10;22;1767295402.2281451;1767295602.7702732
10;23;1767295602.7702732;1767295819.14087
10;24;1767295819.14087;1767296055.5981772
10;25;1767296055.5981772;1767296290.5299213
10;26;1767296290.5299213;1767296478.3299973
10;27;1767296478.3299973;1767296716.7265213
10;28;1767296716.7265213;1767296927.8241313
10;29;1767296927.8241313;1767297136.1788733
10;30;1767297136.1788733;1767297343.8377833
11;1;1767236442;1767236468.262268
11;2;1767236468.262268;1767236493.7774432
11;3;1767236493.7774432;1767236518.8549073
11;4;1767236518.8549073;1767236544.2775164
11;5;1767236544.2775164;1767236569.8737853
11;6;1767236569.8737853;1767236594.7771723
11;7;1767236594.7771723;1767236620.1811073
11;8;1767236620.1811073;1767236645.6499994
11;9;1767236645.6499994;1767236670.5688963
11;10;1767236670.5688963;1767236695.7443213
11;11;1767236695.7443213;1767236721.8472903
11;12;1767236721.8472903;1767236748.5269113
11;13;1767236748.5269113;1767236772.8254552
11;14;1767236772.8254552;1767236798.4763112
11;15;1767236798.4763112;1767236824.8223803
11;16;1767236824.8223803;1767236849.8453493
11;17;1767236849.8453493;1767236874.8726943
11;18;1767236874.8726943;1767236900.4508522
11;19;1767236900.4508522;1767236925.485285
11;20;1767236925.485285;1767236950.574498
11;21;1767236950.574498;1767236976.445767
11;22;1767236976.445767;1767237002.2331948
11;23;1767237002.2331948;1767237027.2413988
11;24;1767237027.2413988;1767237052.9497569
11;25;1767237052.9497569;1767237078.8235948
11;26;1767237078.8235948;1767237103.8257928
11;27;1767237103.8257928;1767237129.0196657
11;28;1767237129.0196657;1767237154.6721556
11;29;1767237154.6721556;1767237179.6521547
11;30;1767237179.6521547;1767237204.8389416
12;1;1767246680;1767246792.681501
12;2;1767246792.681501;1767246907.6551218
12;3;1767246907.6551218;1767247014.8149397
12;4;1767247014.8149397;1767247119.3124187
12;5;1767247119.3124187;1767247223.9971206
12;6;1767247223.9971206;1767247335.0615926
12;7;1767247335.0615926;1767247439.1459277
12;8;1767247439.1459277;1767247550.8116846
12;9;1767247550.8116846;1767247662.2636166
12;10;1767247662.2636166;1767247782.3236966
12;11;1767247782.3236966;1767247888.9710276
12;12;1767247888.9710276;1767247997.0342395
12;13;1767247997.0342395;1767248107.9804585
12;14;1767248107.9804585;1767248212.7416534
12;15;1767248212.7416534;1767248317.9985526
12;16;1767248317.9985526;1767248422.9056547
12;17;1767248422.9056547;1767248536.4133167
12;18;1767248536.4133167;1767248641.7289636
12;19;1767248641.7289636;1767248745.5033336
12;20;1767248745.5033336;1767248849.8982015
12;21;1767248849.8982015;1767248954.9364395
12;22;1767248954.9364395;1767249060.1190655
12;23;1767249060.1190655;1767249165.4336135
12;24;1767249165.4336135;1767249271.3630066
12;25;1767249271.3630066;1767249375.3450615
12;26;1767249375.3450615;1767249480.0470426
12;27;1767249480.0470426;1767249584.4391236
12;28;1767249584.4391236;1767249688.9359446
12;29;1767249688.9359446;1767249792.4677286
12;30;1767249792.4677286;1767249897.6217256
13;1;1767235660;1767235684.724172
13;2;1767235684.724172;1767235707.526127
13;3;1767235707.526127;1767235737.4427161
13;4;1767235737.4427161;1767235760.034563
13;5;1767235760.034563;1767235783.919992
13;6;1767235783.919992;1767235815.10521
13;7;1767235815.10521;1767235837.777785
13;8;1767235837.777785;1767235860.3177311
13;9;1767235860.3177311;1767235890.2094913
13;10;1767235890.2094913;1767235914.0095394
13;11;1767235914.0095394;1767235950.6235693
13;12;1767235950.6235693;1767235993.0148044
13;13;1767235993.0148044;1767236018.8621213
13;14;1767236018.8621213;1767236044.5839853
13;15;1767236044.5839853;1767236066.7218733
13;16;1767236066.7218733;1767236089.5663633
13;17;1767236089.5663633;1767236115.3490553
13;18;1767236115.3490553;1767236139.9690852
13;19;1767236139.9690852;1767236162.0894172
13;20;1767236162.0894172;1767236191.2250562
13;21;1767236191.2250562;1767236213.423186
13;22;1767236213.423186;1767236236.232242
13;23;1767236236.232242;1767236261.885929
13;24;1767236261.885929;1767236284.105726
13;25;1767236284.105726;1767236309.436679
13;26;1767236309.436679;1767236335.095078
13;27;1767236335.095078;1767236357.579495
13;28;1767236357.579495;1767236393.951362
13;29;1767236393.951362;1767236416.4318118
13;30;1767236416.4318118;1767236440.1259778
14;1;1767264424;1767264533.518517
14;2;1767264533.518517;1767264642.6278381
14;3;1767264642.6278381;1767264758.7663922
14;4;1767264758.7663922;1767264872.2502713
14;5;1767264872.2502713;1767264989.4276893
14;6;1767264989.4276893;1767265097.7025213
14;7;1767265097.7025213;1767265206.3045933
14;8;1767265206.3045933;1767265321.9704554
14;9;1767265321.9704554;1767265442.4113414
14;10;1767265442.4113414;1767265554.1886885
14;11;1767265554.1886885;1767265661.8459775
14;12;1767265661.8459775;1767265771.2590125
14;13;1767265771.2590125;1767265880.7583394
14;14;1767265880.7583394;1767265995.3808084
14;15;1767265995.3808084;1767266103.9584024
14;16;1767266103.9584024;1767266217.1188114
14;17;1767266217.1188114;1767266332.2522194
14;18;1767266332.2522194;1767266461.2670994
14;19;1767266461.2670994;1767266570.4690495
14;20;1767266570.4690495;1767266684.8768494
14;21;1767266684.8768494;1767266795.5241053
14;22;1767266795.5241053;1767266904.2170944
14;23;1767266904.2170944;1767267022.6352663
14;24;1767267022.6352663;1767267139.5079653
14;25;1767267139.5079653;1767267261.2755003
14;26;1767267261.2755003;1767267374.1577592
14;27;1767267374.1577592;1767267502.5626922
14;28;1767267502.5626922;1767267614.9616022
14;29;1767267614.9616022;1767267729.1008623
14;30;1767267729.1008623;1767267854.1657062
15;1;1767297346;1767297557.132028
15;2;1767297557.132028;1767297829.330316
15;3;1767297829.330316;1767298033.332508
15;4;1767298033.332508;1767298237.5965612
15;5;1767298237.5965612;1767298428.777095
15;6;1767298428.777095;1767298630.57568
15;7;1767298630.57568;1767298812.9737
15;8;1767298812.9737;1767299000.332154
15;9;1767299000.332154;1767299199.7567852
15;10;1767299199.7567852;1767299395.2799232
15;11;1767299395.2799232;1767299582.979329
15;12;1767299582.979329;1767299774.957524
15;13;1767299774.957524;1767299959.9302142
15;14;1767299959.9302142;1767300162.0170162
15;15;1767300162.0170162;1767300356.4483232
15;16;1767300356.4483232;1767300545.4313064
15;17;1767300545.4313064;1767300754.0530703
15;18;1767300754.0530703;1767300958.3791082
15;19;1767300958.3791082;1767301150.0283623
15;20;1767301150.0283623;1767301340.6677554
15;21;1767301340.6677554;1767301608.7121663
15;22;1767301608.7121663;1767301803.9371803
15;23;1767301803.9371803;1767302000.6739812
15;24;1767302000.6739812;1767302204.7988153
15;25;1767302204.7988153;1767302404.1592493
15;26;1767302404.1592493;1767302585.3902242
15;27;1767302585.3902242;1767302775.8242943
15;28;1767302775.8242943;1767303004.5406413
15;29;1767303004.5406413;1767303193.6099093
15;30;1767303193.6099093;1767303390.6540072
16;1;1767238230;1767238285.744293
16;2;1767238285.744293;1767238339.2125509
16;3;1767238339.2125509;1767238393.8776438
16;4;1767238393.8776438;1767238445.3353748
16;5;1767238445.3353748;1767238498.46885
16;6;1767238498.46885;1767238548.7944398
16;7;1767238548.7944398;1767238603.2092907
16;8;1767238603.2092907;1767238657.6323228
16;9;1767238657.6323228;1767238709.2580469
16;10;1767238709.2580469;1767238762.35198
16;11;1767238762.35198;1767238815.721614
16;12;1767238815.721614;1767238869.82109
16;13;1767238869.82109;1767238923.3096719
16;14;1767238923.3096719;1767238977.194059
16;15;1767238977.194059;1767239029.6450238
16;16;1767239029.6450238;1767239083.996332
16;17;1767239083.996332;1767239140.618773
16;18;1767239140.618773;1767239193.249048
16;19;1767239193.249048;1767239247.640106
16;20;1767239247.640106;1767239304.690909
16;21;1767239304.690909;1767239456.375727
16;22;1767239456.375727;1767239507.9665039
16;23;1767239507.9665039;1767239562.184311
16;24;1767239562.184311;1767239615.2296128
16;25;1767239615.2296128;1767239666.9932787
16;26;1767239666.9932787;1767239718.3867428
16;27;1767239718.3867428;1767239770.914651
16;28;1767239770.914651;1767239821.658882
16;29;1767239821.658882;1767239876.4624548
16;30;1767239876.4624548;1767239927.5927067
17;1;1767254052;1767254482.378131
17;2;1767254482.378131;1767254860.641414
17;3;1767254860.641414;1767255274.1335049
17;4;1767255274.1335049;1767255679.6337368
17;5;1767255679.6337368;1767256055.978036
17;6;1767256055.978036;1767256461.353016
17;7;1767256461.353016;1767256877.953595
17;8;1767256877.953595;1767257322.8422608
17;9;1767257322.8422608;1767257735.2586079
17;10;1767257735.2586079;1767258075.3810098
17;11;1767258075.3810098;1767258388.0854697
17;12;1767258388.0854697;1767258677.6918766
17;13;1767258677.6918766;1767259030.0062118
17;14;1767259030.0062118;1767259349.9549499
17;15;1767259349.9549499;1767259667.4459248
17;16;1767259667.4459248;1767259981.6852417
17;17;1767259981.6852417;1767260312.6140027
17;18;1767260312.6140027;1767260615.6147707
17;19;1767260615.6147707;1767260904.2294056
17;20;1767260904.2294056;1767261241.5857246
17;21;1767261241.5857246;1767261552.4218805
17;22;1767261552.4218805;1767261855.8835735
17;23;1767261855.8835735;1767262213.4100335
17;24;1767262213.4100335;1767262546.2558465
17;25;1767262546.2558465;1767262857.6034975
17;26;1767262857.6034975;1767263163.5235574
17;27;1767263163.5235574;1767263458.6449664
17;28;1767263458.6449664;1767263769.3208933
17;29;1767263769.3208933;1767264090.5883293
17;30;1767264090.5883293;1767264422.3242552
18;1;1767237207;1767237228.237584
18;2;1767237228.237584;1767237251.5065901
18;3;1767237251.5065901;1767237265.1727762
18;4;1767237265.1727762;1767237296.0699642
18;5;1767237296.0699642;1767237308.1276882
18;6;1767237308.1276882;1767237331.862698
18;7;1767237331.862698;1767237358.237788
18;8;1767237358.237788;1767237370.34212
18;9;1767237370.34212;1767237390.100054
18;10;1767237390.100054;1767237406.142912
18;11;1767237406.142912;1767237426.0485759
18;12;1767237426.0485759;1767237438.1654928
18;13;1767237438.1654928;1767237454.4020317
18;14;1767237454.4020317;1767237470.2628877
18;15;1767237470.2628877;1767237489.5323386
18;16;1767237489.5323386;1767237508.7999766
18;17;1767237508.7999766;1767237525.1478646
18;18;1767237525.1478646;1767237541.2653196
18;19;1767237541.2653196;1767237557.2743516
18;20;1767237557.2743516;1767237573.4711657
18;21;1767237573.4711657;1767237585.7297146
18;22;1767237585.7297146;1767237597.8516417
18;23;1767237597.8516417;1767237621.3481476
18;24;1767237621.3481476;1767237633.6518316
18;25;1767237633.6518316;1767237668.5837147
18;26;1767237668.5837147;1767237684.7725227
18;27;1767237684.7725227;1767237704.8896828
18;28;1767237704.8896828;1767237717.1420429
18;29;1767237717.1420429;1767237733.3470528
18;30;1767237733.3470528;1767237749.3893628
19;1;1767267856;1767268016.13475
19;2;1767268016.13475;1767268176.998113
19;3;1767268176.998113;1767268351.864395
19;4;1767268351.864395;1767268518.2608979
19;5;1767268518.2608979;1767268672.197718
19;6;1767268672.197718;1767268829.457201
19;7;1767268829.457201;1767268979.010505
19;8;1767268979.010505;1767269118.683454
19;9;1767269118.683454;1767269274.27166
19;10;1767269274.27166;1767269424.434881
19;11;1767269424.434881;1767269557.20676
19;12;1767269557.20676;1767269694.529376
19;13;1767269694.529376;1767269821.183881
19;14;1767269821.183881;1767269952.3576431
19;15;1767269952.3576431;1767270105.157565
19;16;1767270105.157565;1767270257.8541372
19;17;1767270257.8541372;1767270397.1864202
19;18;1767270397.1864202;1767270532.3534162
19;19;1767270532.3534162;1767270692.0367672
19;20;1767270692.0367672;1767270828.1754932
19;21;1767270828.1754932;1767270994.9286373
19;22;1767270994.9286373;1767271141.7243052
19;23;1767271141.7243052;1767271304.5170102
19;24;1767271304.5170102;1767271447.3584402
19;25;1767271447.3584402;1767271592.2887821
19;26;1767271592.2887821;1767271740.072776
19;27;1767271740.072776;1767271892.836992
19;28;1767271892.836992;1767272026.610405
19;29;1767272026.610405;1767272178.351633
19;30;1767272178.351633;1767272345.826931
20;1;1767310139;1767310429.415934
20;2;1767310429.415934;1767310560.14414
20;3;1767310560.14414;1767310692.013148
20;4;1767310692.013148;1767310820.58708
20;5;1767310820.58708;1767310960.680685
20;6;1767310960.680685;1767311088.812786
20;7;1767311088.812786;1767311212.428075
20;8;1767311212.428075;1767311341.074203
20;9;1767311341.074203;1767311471.152862
20;10;1767311471.152862;1767311594.664653
20;11;1767311594.664653;1767311724.3167942
20;12;1767311724.3167942;1767311852.447092
20;13;1767311852.447092;1767311985.798734
20;14;1767311985.798734;1767312132.661699
20;15;1767312132.661699;1767312264.280457
20;16;1767312264.280457;1767312387.686796
20;17;1767312387.686796;1767312516.372451
20;18;1767312516.372451;1767312656.000844
20;19;1767312656.000844;1767312793.043871
20;20;1767312793.043871;1767312927.3120968
20;21;1767312927.3120968;1767313059.6369119
20;22;1767313059.6369119;1767313194.523069
20;23;1767313194.523069;1767313332.1684818
20;24;1767313332.1684818;1767313451.7960749
20;25;1767313451.7960749;1767313579.2018409
20;26;1767313579.2018409;1767313698.5214028
20;27;1767313698.5214028;1767313817.842125
20;28;1767313817.842125;1767313938.5653238
20;29;1767313938.5653238;1767314066.4384208
20;30;1767314066.4384208;1767314199.7654598
21;1;1767314202;1767314340.301389
21;2;1767314340.301389;1767314484.263486
21;3;1767314484.263486;1767314622.565204
21;4;1767314622.565204;1767314777.021309
21;5;1767314777.021309;1767314919.994952
21;6;1767314919.994952;1767315064.027577
21;7;1767315064.027577;1767315203.221339
21;8;1767315203.221339;1767315348.799315
21;9;1767315348.799315;1767315493.018074
21;10;1767315493.018074;1767315632.190018
21;11;1767315632.190018;1767315771.4187028
21;12;1767315771.4187028;1767315909.6524808
21;13;1767315909.6524808;1767316053.728402
21;14;1767316053.728402;1767316199.4415379
21;15;1767316199.4415379;1767316345.7344449
21;16;1767316345.7344449;1767316485.0695188
21;17;1767316485.0695188;1767316626.844174
21;18;1767316626.844174;1767316766.090267
21;19;1767316766.090267;1767316906.561918
21;20;1767316906.561918;1767317058.799349
21;21;1767317058.799349;1767317198.415146
21;22;1767317198.415146;1767317339.235872
21;23;1767317339.235872;1767317480.604996
21;24;1767317480.604996;1767317618.834402
21;25;1767317618.834402;1767317766.5461571
21;26;1767317766.5461571;1767317912.274038
21;27;1767317912.274038;1767318055.2798722
21;28;1767318055.2798722;1767318196.0572271
21;29;1767318196.0572271;1767318348.0003371
21;30;1767318348.0003371;1767318490.9173322
22;1;1767237751;1767237770.377587
22;2;1767237770.377587;1767237783.2252512
22;3;1767237783.2252512;1767237808.870078
22;4;1767237808.870078;1767237820.627532
22;5;1767237820.627532;1767237839.880399
22;6;1767237839.880399;1767237859.177168
22;7;1767237859.177168;1767237874.5864358
22;8;1767237874.5864358;1767237886.5093539
22;9;1767237886.5093539;1767237897.822116
22;10;1767237897.822116;1767237927.762482
22;11;1767237927.762482;1767237940.2493088
22;12;1767237940.2493088;1767237952.2875588
22;13;1767237952.2875588;1767237964.3786888
22;14;1767237964.3786888;1767237980.0736377
22;15;1767237980.0736377;1767238010.4305756
22;16;1767238010.4305756;1767238022.8666737
22;17;1767238022.8666737;1767238034.4859426
22;18;1767238034.4859426;1767238049.9013367
22;19;1767238049.9013367;1767238065.5064476
22;20;1767238065.5064476;1767238080.9588006
22;21;1767238080.9588006;1767238092.8787246
22;22;1767238092.8787246;1767238104.6042297
22;23;1767238104.6042297;1767238116.7291727
22;24;1767238116.7291727;1767238136.0695148
22;25;1767238136.0695148;1767238151.4813418
22;26;1767238151.4813418;1767238163.165088
22;27;1767238163.165088;1767238174.938297
22;28;1767238174.938297;1767238197.802965
22;29;1767238197.802965;1767238209.5546699
22;30;1767238209.5546699;1767238228.7118409
