1;1;1766608743;1766608789.689262
1;2;1766608789.689262;1766608839.9138038
1;3;1766608839.9138038;1766608884.922103
1;4;1766608884.922103;1766608938.0758479
1;5;1766608938.0758479;1766608984.805275
1;6;1766608984.805275;1766609032.1661239
1;7;1766609032.1661239;1766609081.8173628
1;8;1766609081.8173628;1766609129.4982157
1;9;1766609129.4982157;1766609174.5166717
1;10;1766609174.5166717;1766609225.3043268
1;11;1766609225.3043268;1766609274.5181277
1;12;1766609274.5181277;1766609333.3885107
1;13;1766609333.3885107;1766609384.5300786
1;14;1766609384.5300786;1766609435.0990727
1;15;1766609435.0990727;1766609484.1481786
1;16;1766609484.1481786;1766609532.0029147
1;17;1766609532.0029147;1766609585.0690246
1;18;1766609585.0690246;1766609635.8215945
1;19;1766609635.8215945;1766609683.0845935
1;20;1766609683.0845935;1766609731.0960865
1;21;1766609731.0960865;1766609778.5038865
1;22;1766609778.5038865;1766609829.3288445
1;23;1766609829.3288445;1766609879.5714076
1;24;1766609879.5714076;1766609930.0326095
1;25;1766609930.0326095;1766609974.7315955
1;26;1766609974.7315955;1766610022.8782434
1;27;1766610022.8782434;1766610067.6995995
1;28;1766610067.6995995;1766610115.6944356
1;29;1766610115.6944356;1766610160.5304086
1;30;1766610160.5304086;1766610220.8375525
2;1;1766616794;1766616795.370856
2;2;1766616795.370856;1766616795.962929
2;3;1766616795.962929;1766616796.506456
2;4;1766616796.506456;1766616797.2424428
2;5;1766616797.2424428;1766616797.8223598
2;6;1766616797.8223598;1766616798.3843029
2;7;1766616798.3843029;1766616798.927353
2;8;1766616798.927353;1766616799.689153
2;9;1766616799.689153;1766616800.412886
2;10;1766616800.412886;1766616800.9700809
2;11;1766616800.9700809;1766616801.5446718
2;12;1766616801.5446718;1766616802.4060237
2;13;1766616802.4060237;1766616803.1095119
2;14;1766616803.1095119;1766616803.7792218
2;15;1766616803.7792218;1766616804.3310847
2;16;1766616804.3310847;1766616804.8909256
2;17;1766616804.8909256;1766616805.4662898
2;18;1766616805.4662898;1766616806.7418869
2;19;1766616806.7418869;1766616807.7862678
2;20;1766616807.7862678;1766616808.3534636
2;21;1766616808.3534636;1766616808.9182518
2;22;1766616808.9182518;1766616809.4767237
2;23;1766616809.4767237;1766616810.0821297
2;24;1766616810.0821297;1766616811.1648138
2;25;1766616811.1648138;1766616811.8180928
2;26;1766616811.8180928;1766616812.4026217
2;27;1766616812.4026217;1766616812.9569187
2;28;1766616812.9569187;1766616813.5055997
2;29;1766616813.5055997;1766616814.1125727
2;30;1766616814.1125727;1766616814.7898548
3;1;1766616816;1766616860.405548
3;2;1766616860.405548;1766616886.66123
3;3;1766616886.66123;1766616935.28409
3;4;1766616935.28409;1766616974.7647212
3;5;1766616974.7647212;1766617004.3394883
3;6;1766617004.3394883;1766617060.6516113
3;7;1766617060.6516113;1766617100.5797744
3;8;1766617100.5797744;1766617127.7618964
3;9;1766617127.7618964;1766617179.3993273
3;10;1766617179.3993273;1766617233.3090084
3;11;1766617233.3090084;1766617285.9857953
3;12;1766617285.9857953;1766617310.6033874
3;13;1766617310.6033874;1766617362.8916783
3;14;1766617362.8916783;1766617424.9801073
3;15;1766617424.9801073;1766617449.2802963
3;16;1766617449.2802963;1766617497.1511493
3;17;1766617497.1511493;1766617551.9169083
3;18;1766617551.9169083;1766617581.5116813
3;19;1766617581.5116813;1766617638.4748564
3;20;1766617638.4748564;1766617695.2485783
3;21;1766617695.2485783;1766617734.9250124
3;22;1766617734.9250124;1766617789.5440283
3;23;1766617789.5440283;1766617836.4790504
3;24;1766617836.4790504;1766617867.6670253
3;25;1766617867.6670253;1766617910.3940043
3;26;1766617910.3940043;1766617950.9810824
3;27;1766617950.9810824;1766618015.1300945
3;28;1766618015.1300945;1766618040.3593676
3;29;1766618040.3593676;1766618075.3769157
3;30;1766618075.3769157;1766618128.9176948
4;1;1766610283;1766610299.847371
4;2;1766610299.847371;1766610317.1325972
4;3;1766610317.1325972;1766610339.5005412
4;4;1766610339.5005412;1766610364.611694
4;5;1766610364.611694;1766610387.5323212
4;6;1766610387.5323212;1766610408.0888662
4;7;1766610408.0888662;1766610430.8877573
4;8;1766610430.8877573;1766610455.6663992
4;9;1766610455.6663992;1766610480.3796902
4;10;1766610480.3796902;1766610504.3237581
4;11;1766610504.3237581;1766610527.7159512
4;12;1766610527.7159512;1766610551.2356293
4;13;1766610551.2356293;1766610574.5494123
4;14;1766610574.5494123;1766610598.5749311
4;15;1766610598.5749311;1766610626.887988
4;16;1766610626.887988;1766610653.490991
4;17;1766610653.490991;1766610679.0536752
4;18;1766610679.0536752;1766610701.3462331
4;19;1766610701.3462331;1766610735.027419
4;20;1766610735.027419;1766610757.8929071
4;21;1766610757.8929071;1766610780.1406202
4;22;1766610780.1406202;1766610809.9937341
4;23;1766610809.9937341;1766610834.1070662
4;24;1766610834.1070662;1766610855.8284342
4;25;1766610855.8284342;1766610877.6888072
4;26;1766610877.6888072;1766610901.1585593
4;27;1766610901.1585593;1766610925.8611224
4;28;1766610925.8611224;1766610950.4044623
4;29;1766610950.4044623;1766610974.1640754
4;30;1766610974.1640754;1766610998.7016094
5;1;1766612861;1766612983.474502
5;2;1766612983.474502;1766613116.27284
5;3;1766613116.27284;1766613242.83687
5;4;1766613242.83687;1766613379.603334
5;5;1766613379.603334;1766613505.3587909
5;6;1766613505.3587909;1766613637.190686
5;7;1766613637.190686;1766613769.523866
5;8;1766613769.523866;1766613898.8168988
5;9;1766613898.8168988;1766614028.8385088
5;10;1766614028.8385088;1766614164.863937
5;11;1766614164.863937;1766614284.6781309
5;12;1766614284.6781309;1766614427.90635
5;13;1766614427.90635;1766614548.043841
5;14;1766614548.043841;1766614680.50895
5;15;1766614680.50895;1766614799.368886
5;16;1766614799.368886;1766614924.701662
5;17;1766614924.701662;1766615081.872081
5;18;1766615081.872081;1766615208.44893
5;19;1766615208.44893;1766615336.228542
5;20;1766615336.228542;1766615471.081685
5;21;1766615471.081685;1766615623.574598
5;22;1766615623.574598;1766615751.615122
5;23;1766615751.615122;1766615880.170696
5;24;1766615880.170696;1766616014.049134
5;25;1766616014.049134;1766616150.705986
5;26;1766616150.705986;1766616271.61567
5;27;1766616271.61567;1766616395.296601
5;28;1766616395.296601;1766616539.33487
5;29;1766616539.33487;1766616664.162492
5;30;1766616664.162492;1766616792.212304
6;1;1766608711;1766608713.101235
6;2;1766608713.101235;1766608713.951356
6;3;1766608713.951356;1766608714.818866
6;4;1766608714.818866;1766608715.665612
6;5;1766608715.665612;1766608716.692677
6;6;1766608716.692677;1766608717.673249
6;7;1766608717.673249;1766608718.520947
6;8;1766608718.520947;1766608719.486047
6;9;1766608719.486047;1766608720.407511
6;10;1766608720.407511;1766608721.340707
6;11;1766608721.340707;1766608722.4198651
6;12;1766608722.4198651;1766608723.4008112
6;13;1766608723.4008112;1766608724.4075782
6;14;1766608724.4075782;1766608725.3972003
6;15;1766608725.3972003;1766608726.3805003
6;16;1766608726.3805003;1766608727.3703532
6;17;1766608727.3703532;1766608728.2324162
6;18;1766608728.2324162;1766608729.237929
6;19;1766608729.237929;1766608730.2024732
6;20;1766608730.2024732;1766608731.1752992
6;21;1766608731.1752992;1766608732.4258432
6;22;1766608732.4258432;1766608733.4422371
6;23;1766608733.4422371;1766608734.350974
6;24;1766608734.350974;1766608735.235824
6;25;1766608735.235824;1766608736.2419531
6;26;1766608736.2419531;1766608737.2224813
6;27;1766608737.2224813;1766608738.2409432
6;28;1766608738.2409432;1766608739.2773612
6;29;1766608739.2773612;1766608740.2675352
6;30;1766608740.2675352;1766608741.2438653
7;1;1766618687;1766618739.379343
7;2;1766618739.379343;1766618787.762909
7;3;1766618787.762909;1766618835.6152449
7;4;1766618835.6152449;1766618884.294092
7;5;1766618884.294092;1766618936.154305
7;6;1766618936.154305;1766618986.101073
7;7;1766618986.101073;1766619034.737659
7;8;1766619034.737659;1766619086.4904919
7;9;1766619086.4904919;1766619139.0785508
7;10;1766619139.0785508;1766619189.3822048
7;11;1766619189.3822048;1766619244.1273637
7;12;1766619244.1273637;1766619296.8052218
7;13;1766619296.8052218;1766619344.6417418
7;14;1766619344.6417418;1766619391.9852157
7;15;1766619391.9852157;1766619439.3391848
7;16;1766619439.3391848;1766619484.2354188
7;17;1766619484.2354188;1766619531.7951677
7;18;1766619531.7951677;1766619579.2040367
7;19;1766619579.2040367;1766619626.2306566
7;20;1766619626.2306566;1766619673.3468146
7;21;1766619673.3468146;1766619719.6967406
7;22;1766619719.6967406;1766619765.3943095
7;23;1766619765.3943095;1766619810.4471395
7;24;1766619810.4471395;1766619856.6860285
7;25;1766619856.6860285;1766619902.5864744
7;26;1766619902.5864744;1766619949.0340023
7;27;1766619949.0340023;1766619995.8065014
7;28;1766619995.8065014;1766620040.8765273
7;29;1766620040.8765273;1766620086.5215364
7;30;1766620086.5215364;1766620132.6191483
8;1;1766621506;1766621848.23886
8;2;1766621848.23886;1766622208.3915508
8;3;1766622208.3915508;1766622555.2594469
8;4;1766622555.2594469;1766622889.5164418
8;5;1766622889.5164418;1766623248.0625107
8;6;1766623248.0625107;1766623617.8040338
8;7;1766623617.8040338;1766623973.2262897
8;8;1766623973.2262897;1766624332.1919336
8;9;1766624332.1919336;1766624670.3853717
8;10;1766624670.3853717;1766625008.3235037
8;11;1766625008.3235037;1766625347.4990847
8;12;1766625347.4990847;1766625691.6265588
8;13;1766625691.6265588;1766626034.1660268
8;14;1766626034.1660268;1766626373.151748
8;15;1766626373.151748;1766626706.144355
8;16;1766626706.144355;1766627047.389051
8;17;1766627047.389051;1766627405.53451
8;18;1766627405.53451;1766627768.2792718
8;19;1766627768.2792718;1766628088.650874
8;20;1766628088.650874;1766628446.716846
8;21;1766628446.716846;1766628808.111445
8;22;1766628808.111445;1766629173.890459
8;23;1766629173.890459;1766629487.8267272
8;24;1766629487.8267272;1766629835.811367
8;25;1766629835.811367;1766630200.789673
8;26;1766630200.789673;1766630526.987848
8;27;1766630526.987848;1766630879.834775
8;28;1766630879.834775;1766631236.784606
8;29;1766631236.784606;1766631576.388552
8;30;1766631576.388552;1766631927.1253579
9;1;1766631929;1766633077.40992
9;2;1766633077.40992;1766634192.883062
9;3;1766634192.883062;1766635368.9907868
9;4;1766635368.9907868;1766636484.4686847
9;5;1766636484.4686847;1766637628.7212687
9;6;1766637628.7212687;1766638705.1082556
9;7;1766638705.1082556;1766639816.6129086
9;8;1766639816.6129086;1766640923.6247337
9;9;1766640923.6247337;1766642050.5611727
9;10;1766642050.5611727;1766643219.2429147
9;11;1766643219.2429147;1766644353.5256076
9;12;1766644353.5256076;1766645405.6478786
9;13;1766645405.6478786;1766646520.8070858
9;14;1766646520.8070858;1766647620.3167498
9;15;1766647620.3167498;1766648768.3719099
9;16;1766648768.3719099;1766649837.2637389
9;17;1766649837.2637389;1766651026.572022
9;18;1766651026.572022;1766652155.8121939
9;19;1766652155.8121939;1766653285.799883
9;20;1766653285.799883;1766654424.685526
9;21;1766654424.685526;1766655536.0261438
9;22;1766655536.0261438;1766656729.7611098
9;23;1766656729.7611098;1766657929.729477
9;24;1766657929.729477;1766659060.360245
9;25;1766659060.360245;1766660220.301022
9;26;1766660220.301022;1766661328.674336
9;27;1766661328.674336;1766662443.497314
9;28;1766662443.497314;1766663602.011824
9;29;1766663602.011824;1766664798.913205
9;30;1766664798.913205;1766666020.284832
10;1;1766666023;1766666047.674012
10;2;1766666047.674012;1766666077.891049
10;3;1766666077.891049;1766666102.7771728
10;4;1766666102.7771728;1766666123.9385958
10;5;1766666123.9385958;1766666150.4719458
10;6;1766666150.4719458;1766666173.5629337
10;7;1766666173.5629337;1766666198.0659966
10;8;1766666198.0659966;1766666225.1459095
10;9;1766666225.1459095;1766666249.4993596
10;10;1766666249.4993596;1766666275.0546696
10;11;1766666275.0546696;1766666300.6210215
10;12;1766666300.6210215;1766666325.3140354
10;13;1766666325.3140354;1766666350.2091734
10;14;1766666350.2091734;1766666372.5553305
10;15;1766666372.5553305;1766666395.4974625
10;16;1766666395.4974625;1766666422.8846025
10;17;1766666422.8846025;1766666448.0506096
10;18;1766666448.0506096;1766666473.5860505
10;19;1766666473.5860505;1766666497.4040835
10;20;1766666497.4040835;1766666524.5323596
10;21;1766666524.5323596;1766666553.0766475
10;22;1766666553.0766475;1766666576.9823196
10;23;1766666576.9823196;1766666608.4997165
10;24;1766666608.4997165;1766666632.7780814
10;25;1766666632.7780814;1766666657.2981734
10;26;1766666657.2981734;1766666683.9637494
10;27;1766666683.9637494;1766666706.6153133
10;28;1766666706.6153133;1766666729.7205894
10;29;1766666729.7205894;1766666755.2480454
10;30;1766666755.2480454;1766666778.4339426
11;1;1766607934;1766607935.757153
11;2;1766607935.757153;1766607936.654542
11;3;1766607936.654542;1766607937.5305529
11;4;1766607937.5305529;1766607938.6140008
11;5;1766607938.6140008;1766607939.4390078
11;6;1766607939.4390078;1766607940.4148529
11;7;1766607940.4148529;1766607941.276898
11;8;1766607941.276898;1766607942.116145
11;9;1766607942.116145;1766607942.973099
11;10;1766607942.973099;1766607944.031574
11;11;1766607944.031574;1766607945.173799
11;12;1766607945.173799;1766607946.246072
11;13;1766607946.246072;1766607947.082801
11;14;1766607947.082801;1766607948.5155432
11;15;1766607948.5155432;1766607949.3076792
11;16;1766607949.3076792;1766607950.3702672
11;17;1766607950.3702672;1766607951.3404462
11;18;1766607951.3404462;1766607952.3459642
11;19;1766607952.3459642;1766607953.2838633
11;20;1766607953.2838633;1766607954.0649903
11;21;1766607954.0649903;1766607955.0212502
11;22;1766607955.0212502;1766607955.9311373
11;23;1766607955.9311373;1766607957.0639253
11;24;1766607957.0639253;1766607958.0952632
11;25;1766607958.0952632;1766607959.0445662
11;26;1766607959.0445662;1766607959.8823962
11;27;1766607959.8823962;1766607960.7630272
11;28;1766607960.7630272;1766607961.7333481
11;29;1766607961.7333481;1766607962.6163101
11;30;1766607962.6163101;1766607963.585129
12;1;1766610223;1766610229.693732
12;2;1766610229.693732;1766610231.45873
12;3;1766610231.45873;1766610233.296063
12;4;1766610233.296063;1766610235.114578
12;5;1766610235.114578;1766610236.888494
12;6;1766610236.888494;1766610238.72644
12;7;1766610238.72644;1766610240.513126
12;8;1766610240.513126;1766610242.3303258
12;9;1766610242.3303258;1766610244.108543
12;10;1766610244.108543;1766610245.9147348
12;11;1766610245.9147348;1766610247.6742427
12;12;1766610247.6742427;1766610249.4738798
12;13;1766610249.4738798;1766610251.266152
12;14;1766610251.266152;1766610253.142746
12;15;1766610253.142746;1766610254.952319
12;16;1766610254.952319;1766610256.7155938
12;17;1766610256.7155938;1766610258.524145
12;18;1766610258.524145;1766610260.4502268
12;19;1766610260.4502268;1766610262.2718477
12;20;1766610262.2718477;1766610264.0461676
12;21;1766610264.0461676;1766610265.8075266
12;22;1766610265.8075266;1766610267.5592475
12;23;1766610267.5592475;1766610269.3639846
12;24;1766610269.3639846;1766610271.1770325
12;25;1766610271.1770325;1766610272.9390304
12;26;1766610272.9390304;1766610274.7440684
12;27;1766610274.7440684;1766610276.4944985
12;28;1766610276.4944985;1766610278.2869904
12;29;1766610278.2869904;1766610280.0644493
12;30;1766610280.0644493;1766610281.8416543
13;1;1766607729;1766607737.157893
13;2;1766607737.157893;1766607743.476428
13;3;1766607743.476428;1766607749.813381
13;4;1766607749.813381;1766607756.341598
13;5;1766607756.341598;1766607763.041696
13;6;1766607763.041696;1766607769.767437
13;7;1766607769.767437;1766607776.50527
13;8;1766607776.50527;1766607783.254691
13;9;1766607783.254691;1766607789.994582
13;10;1766607789.994582;1766607796.72768
13;11;1766607796.72768;1766607803.504608
13;12;1766607803.504608;1766607810.215802
13;13;1766607810.215802;1766607817.156834
13;14;1766607817.156834;1766607823.85883
13;15;1766607823.85883;1766607830.578925
13;16;1766607830.578925;1766607837.3110309
13;17;1766607837.3110309;1766607844.0692348
13;18;1766607844.0692348;1766607850.7622058
13;19;1766607850.7622058;1766607857.492107
13;20;1766607857.492107;1766607864.290014
13;21;1766607864.290014;1766607871.028738
13;22;1766607871.028738;1766607877.743073
13;23;1766607877.743073;1766607884.552801
13;24;1766607884.552801;1766607891.2560039
13;25;1766607891.2560039;1766607897.9631608
13;26;1766607897.9631608;1766607904.7564147
13;27;1766607904.7564147;1766607911.4592006
13;28;1766607911.4592006;1766607918.2623105
13;29;1766607918.2623105;1766607925.0158136
13;30;1766607925.0158136;1766607931.7185535
14;1;1766611011;1766611022.435628
14;2;1766611022.435628;1766611033.074996
14;3;1766611033.074996;1766611043.625672
14;4;1766611043.625672;1766611055.6331291
14;5;1766611055.6331291;1766611069.012881
14;6;1766611069.012881;1766611081.0883
14;7;1766611081.0883;1766611092.6924279
14;8;1766611092.6924279;1766611103.3956268
14;9;1766611103.3956268;1766611113.9540777
14;10;1766611113.9540777;1766611123.0946338
14;11;1766611123.0946338;1766611133.3658748
14;12;1766611133.3658748;1766611142.6629467
14;13;1766611142.6629467;1766611153.6533258
14;14;1766611153.6533258;1766611163.7353017
14;15;1766611163.7353017;1766611174.5325158
14;16;1766611174.5325158;1766611185.6420217
14;17;1766611185.6420217;1766611194.9015868
14;18;1766611194.9015868;1766611204.6468358
14;19;1766611204.6468358;1766611215.5444257
14;20;1766611215.5444257;1766611226.5338428
14;21;1766611226.5338428;1766611236.6249087
14;22;1766611236.6249087;1766611246.1388876
14;23;1766611246.1388876;1766611256.6306777
14;24;1766611256.6306777;1766611268.7728457
14;25;1766611268.7728457;1766611279.3570998
14;26;1766611279.3570998;1766611289.3358738
14;27;1766611289.3358738;1766611298.895011
14;28;1766611298.895011;1766611308.5660229
14;29;1766611308.5660229;1766611320.2350178
14;30;1766611320.2350178;1766611330.8615067
15;1;1766618131;1766618149.867828
15;2;1766618149.867828;1766618168.584972
15;3;1766618168.584972;1766618187.692349
15;4;1766618187.692349;1766618207.024595
15;5;1766618207.024595;1766618225.155289
15;6;1766618225.155289;1766618242.5755649
15;7;1766618242.5755649;1766618262.9670088
15;8;1766618262.9670088;1766618281.2801168
15;9;1766618281.2801168;1766618299.6424007
15;10;1766618299.6424007;1766618318.4531827
15;11;1766618318.4531827;1766618337.7557046
15;12;1766618337.7557046;1766618355.8811877
15;13;1766618355.8811877;1766618374.5725377
15;14;1766618374.5725377;1766618393.4914916
15;15;1766618393.4914916;1766618411.7542655
15;16;1766618411.7542655;1766618430.9459965
15;17;1766618430.9459965;1766618450.2001755
15;18;1766618450.2001755;1766618467.9607584
15;19;1766618467.9607584;1766618485.9313076
15;20;1766618485.9313076;1766618503.9924006
15;21;1766618503.9924006;1766618521.2830887
15;22;1766618521.2830887;1766618539.6124947
15;23;1766618539.6124947;1766618556.9292667
15;24;1766618556.9292667;1766618575.7998848
15;25;1766618575.7998848;1766618594.0331938
15;26;1766618594.0331938;1766618611.9988458
15;27;1766618611.9988458;1766618630.604199
15;28;1766618630.604199;1766618649.2898319
15;29;1766618649.2898319;1766618666.988191
15;30;1766618666.988191;1766618685.605186
16;1;1766608071;1766608091.706963
16;2;1766608091.706963;1766608111.915782
16;3;1766608111.915782;1766608132.1722999
16;4;1766608132.1722999;1766608153.397306
16;5;1766608153.397306;1766608173.9594839
16;6;1766608173.9594839;1766608194.473616
16;7;1766608194.473616;1766608215.5380578
16;8;1766608215.5380578;1766608236.8414528
16;9;1766608236.8414528;1766608256.959591
16;10;1766608256.959591;1766608277.7438068
16;11;1766608277.7438068;1766608298.7622268
16;12;1766608298.7622268;1766608319.4015827
16;13;1766608319.4015827;1766608340.8049347
16;14;1766608340.8049347;1766608361.1753197
16;15;1766608361.1753197;1766608381.0272486
16;16;1766608381.0272486;1766608401.1464086
16;17;1766608401.1464086;1766608421.7277687
16;18;1766608421.7277687;1766608442.4962997
16;19;1766608442.4962997;1766608464.0647528
16;20;1766608464.0647528;1766608485.6278098
16;21;1766608485.6278098;1766608507.5951297
16;22;1766608507.5951297;1766608530.0098498
16;23;1766608530.0098498;1766608552.2091198
16;24;1766608552.2091198;1766608575.3090138
16;25;1766608575.3090138;1766608597.473836
16;26;1766608597.473836;1766608618.7787519
16;27;1766608618.7787519;1766608641.937415
16;28;1766608641.937415;1766608664.484052
16;29;1766608664.484052;1766608685.69023
16;30;1766608685.69023;1766608707.363488
17;1;1766611001;1766611001.510127
17;2;1766611001.510127;1766611001.751142
17;3;1766611001.751142;1766611002.0698671
17;4;1766611002.0698671;1766611002.2723022
17;5;1766611002.2723022;1766611002.5849142
17;6;1766611002.5849142;1766611002.8595202
17;7;1766611002.8595202;1766611003.1433413
17;8;1766611003.1433413;1766611003.3727822
17;9;1766611003.3727822;1766611003.6617172
17;10;1766611003.6617172;1766611003.9016092
17;11;1766611003.9016092;1766611004.1426172
17;12;1766611004.1426172;1766611004.4345543
17;13;1766611004.4345543;1766611004.6921313
17;14;1766611004.6921313;1766611004.9729033
17;15;1766611004.9729033;1766611005.2876172
17;16;1766611005.2876172;1766611005.534022
17;17;1766611005.534022;1766611006.0001261
17;18;1766611006.0001261;1766611006.264691
17;19;1766611006.264691;1766611006.523811
17;20;1766611006.523811;1766611006.780997
17;21;1766611006.780997;1766611007.104336
17;22;1766611007.104336;1766611007.390759
17;23;1766611007.390759;1766611007.617002
17;24;1766611007.617002;1766611007.873554
17;25;1766611007.873554;1766611008.2209399
17;26;1766611008.2209399;1766611008.4971588
17;27;1766611008.4971588;1766611008.7544618
17;28;1766611008.7544618;1766611009.0558808
17;29;1766611009.0558808;1766611009.2966177
17;30;1766611009.2966177;1766611009.5448728
18;1;1766607965;1766607969.145377
18;2;1766607969.145377;1766607970.802024
18;3;1766607970.802024;1766607972.630168
18;4;1766607972.630168;1766607974.6944299
18;5;1766607974.6944299;1766607976.4402208
18;6;1766607976.4402208;1766607978.1695888
18;7;1766607978.1695888;1766607979.9383
18;8;1766607979.9383;1766607981.694983
18;9;1766607981.694983;1766607983.3987
18;10;1766607983.3987;1766607985.153425
18;11;1766607985.153425;1766607986.878687
18;12;1766607986.878687;1766607988.629978
18;13;1766607988.629978;1766607990.545526
18;14;1766607990.545526;1766607992.315637
18;15;1766607992.315637;1766607994.0947242
18;16;1766607994.0947242;1766607995.7854753
18;17;1766607995.7854753;1766607997.5001433
18;18;1766607997.5001433;1766607999.2713003
18;19;1766607999.2713003;1766608001.0469673
18;20;1766608001.0469673;1766608002.8019433
18;21;1766608002.8019433;1766608004.5676963
18;22;1766608004.5676963;1766608006.3005073
18;23;1766608006.3005073;1766608008.0213623
18;24;1766608008.0213623;1766608009.7768543
18;25;1766608009.7768543;1766608011.5131102
18;26;1766608011.5131102;1766608013.2552621
18;27;1766608013.2552621;1766608014.9598212
18;28;1766608014.9598212;1766608016.6858642
18;29;1766608016.6858642;1766608018.5020442
18;30;1766608018.5020442;1766608020.2360933
19;1;1766667360;1766667360.913656
19;2;1766667360.913656;1766667361.123384
19;3;1766667361.123384;1766667361.388743
19;4;1766667361.388743;1766667361.6602519
19;5;1766667361.6602519;1766667362.1381018
19;6;1766667362.1381018;1766667362.3972588
19;7;1766667362.3972588;1766667362.6639357
19;8;1766667362.6639357;1766667362.9952817
19;9;1766667362.9952817;1766667363.2512457
19;10;1766667363.2512457;1766667363.5079448
19;11;1766667363.5079448;1766667363.765874
19;12;1766667363.765874;1766667363.98277
19;13;1766667363.98277;1766667364.372468
19;14;1766667364.372468;1766667364.613108
19;15;1766667364.613108;1766667364.879324
19;16;1766667364.879324;1766667365.132075
19;17;1766667365.132075;1766667365.368803
19;18;1766667365.368803;1766667365.632884
19;19;1766667365.632884;1766667365.9422731
19;20;1766667365.9422731;1766667366.1927772
19;21;1766667366.1927772;1766667366.4407241
19;22;1766667366.4407241;1766667366.723231
19;23;1766667366.723231;1766667366.9786282
19;24;1766667366.9786282;1766667367.2616053
19;25;1766667367.2616053;1766667367.5143383
19;26;1766667367.5143383;1766667367.8182633
19;27;1766667367.8182633;1766667368.1191432
19;28;1766667368.1191432;1766667368.4083323
19;29;1766667368.4083323;1766667368.6569543
19;30;1766667368.6569543;1766667368.9225924
20;1;1766620135;1766620138.012998
20;2;1766620138.012998;1766620139.4610982
20;3;1766620139.4610982;1766620141.022998
20;4;1766620141.022998;1766620142.294193
20;5;1766620142.294193;1766620143.387797
20;6;1766620143.387797;1766620144.5452182
20;7;1766620144.5452182;1766620145.624344
20;8;1766620145.624344;1766620146.97018
20;9;1766620146.97018;1766620148.338082
20;10;1766620148.338082;1766620149.3442512
20;11;1766620149.3442512;1766620150.466612
20;12;1766620150.466612;1766620151.625283
20;13;1766620151.625283;1766620152.687207
20;14;1766620152.687207;1766620153.710217
20;15;1766620153.710217;1766620154.794487
20;16;1766620154.794487;1766620155.959436
20;17;1766620155.959436;1766620157.326416
20;18;1766620157.326416;1766620158.586497
20;19;1766620158.586497;1766620159.953879
20;20;1766620159.953879;1766620161.013813
20;21;1766620161.013813;1766620162.098833
20;22;1766620162.098833;1766620163.240044
20;23;1766620163.240044;1766620164.4105272
20;24;1766620164.4105272;1766620165.4656153
20;25;1766620165.4656153;1766620166.6081653
20;26;1766620166.6081653;1766620167.7887793
20;27;1766620167.7887793;1766620168.8510551
20;28;1766620168.8510551;1766620170.1725202
20;29;1766620170.1725202;1766620171.2774463
20;30;1766620171.2774463;1766620172.5096583
21;1;1766620174;1766620218.284885
21;2;1766620218.284885;1766620264.510076
21;3;1766620264.510076;1766620306.454992
21;4;1766620306.454992;1766620345.6720262
21;5;1766620345.6720262;1766620391.909558
21;6;1766620391.909558;1766620434.956178
21;7;1766620434.956178;1766620475.1076388
21;8;1766620475.1076388;1766620516.0002868
21;9;1766620516.0002868;1766620565.325219
21;10;1766620565.325219;1766620615.287734
21;11;1766620615.287734;1766620661.046317
21;12;1766620661.046317;1766620707.2685812
21;13;1766620707.2685812;1766620749.9964821
21;14;1766620749.9964821;1766620793.125864
21;15;1766620793.125864;1766620842.75489
21;16;1766620842.75489;1766620881.974991
21;17;1766620881.974991;1766620922.214797
21;18;1766620922.214797;1766620963.508092
21;19;1766620963.508092;1766621007.056113
21;20;1766621007.056113;1766621052.098399
21;21;1766621052.098399;1766621098.280562
21;22;1766621098.280562;1766621143.7959769
21;23;1766621143.7959769;1766621189.719384
21;24;1766621189.719384;1766621233.1061919
21;25;1766621233.1061919;1766621279.0461378
21;26;1766621279.0461378;1766621326.95833
21;27;1766621326.95833;1766621375.897106
21;28;1766621375.897106;1766621418.3955479
21;29;1766621418.3955479;1766621461.5494788
21;30;1766621461.5494788;1766621503.6482937
22;1;1766608022;1766608024.121736
22;2;1766608024.121736;1766608025.745579
22;3;1766608025.745579;1766608027.273763
22;4;1766608027.273763;1766608028.819162
22;5;1766608028.819162;1766608030.439327
22;6;1766608030.439327;1766608031.916047
22;7;1766608031.916047;1766608033.56759
22;8;1766608033.56759;1766608035.045671
22;9;1766608035.045671;1766608036.568743
22;10;1766608036.568743;1766608038.162714
22;11;1766608038.162714;1766608039.704526
22;12;1766608039.704526;1766608041.165027
22;13;1766608041.165027;1766608042.807097
22;14;1766608042.807097;1766608044.305673
22;15;1766608044.305673;1766608045.925253
22;16;1766608045.925253;1766608047.3882308
22;17;1766608047.3882308;1766608048.9341407
22;18;1766608048.9341407;1766608050.5218008
22;19;1766608050.5218008;1766608052.2321537
22;20;1766608052.2321537;1766608053.7740037
22;21;1766608053.7740037;1766608055.2669446
22;22;1766608055.2669446;1766608056.8190727
22;23;1766608056.8190727;1766608058.2817497
22;24;1766608058.2817497;1766608059.8064067
22;25;1766608059.8064067;1766608061.3718767
22;26;1766608061.3718767;1766608063.0781708
22;27;1766608063.0781708;1766608064.7469757
22;28;1766608064.7469757;1766608066.2695796
22;29;1766608066.2695796;1766608067.8256958
22;30;1766608067.8256958;1766608069.5188608
